0|46
28341	90
51210	90
79500	90
82317	90
98399	90
151565	90
152077	90
173467	80
176858	80
180487	90
211565	90
263882	90
275191	90
149962	70
51948	30
113759	30
251690	30
22935	50
45979	50
59092	70
159380	50
206862	70
210480	70
224444	70
231934	50
232604	30
237425	50
245257	50
23301	50
64052	70
77710	70
97326	30
119186	90
154225	50
161823	30
182018	70
186306	90
211701	50
229481	70
236546	90
270557	70
286976	30
69022	90
70401	30
138935	30
182642	30
1|267
3091	90
11828	90
33269	90
64811	90
79500	90
89183	90
91679	90
121889	90
141075	90
146353	90
147606	90
161019	90
166257	90
199204	90
210805	90
211661	90
242177	90
273574	90
158554	70
67143	50
265177	50
120185	70
266657	70
163882	90
195282	90
204614	90
268716	90
17678	70
52670	70
56576	70
23301	0
43444	0
103870	0
66886	70
8738	90
119006	90
281022	90
282386	50
21072	30
41685	30
51254	70
82752	70
202309	30
76575	70
179540	70
194390	70
82298	50
139910	70
150712	70
174485	50
205381	30
227328	30
232860	50
274830	50
17430	70
20960	70
24748	70
74248	70
90605	70
142632	70
85562	30
129550	30
262888	50
273550	30
2992	30
5436	70
14702	90
154983	70
207401	90
275585	90
76992	90
120535	90
129978	70
154016	70
222858	70
283612	90
1906	50
26594	50
87857	50
105828	50
130575	50
136993	50
55752	70
69262	70
249930	70
258373	70
288449	70
239975	70
279521	70
291792	70
146361	90
215038	90
276414	90
110789	50
43785	70
51384	70
97763	70
212966	50
3382	50
10367	30
93168	50
117235	30
119203	30
150181	50
155963	50
165601	50
208477	50
233840	70
294826	70
11371	70
220242	70
235373	70
80864	70
105684	70
228876	30
235445	70
251423	30
268500	30
15676	70
39718	90
52557	70
62075	30
115719	30
129191	30
143892	70
163770	30
180247	30
252460	70
46210	50
59164	70
86954	30
127656	70
223859	50
239558	70
283494	70
152514	90
190330	90
271692	90
34693	70
77280	70
82941	70
87468	70
112535	50
136073	50
198740	50
286668	50
59964	30
121800	70
140058	90
148679	30
226726	70
260734	30
269846	70
270454	90
4442	70
6794	90
25333	70
39764	70
49399	70
71462	70
84749	90
109120	90
122532	70
125653	90
127895	70
144993	90
155622	70
161811	90
214851	70
254020	70
12181	30
22143	50
53228	70
60346	30
95245	30
108203	30
124282	50
179556	70
221579	30
243848	70
270934	30
277059	70
279980	50
294186	70
28605	30
64773	90
116553	30
203608	30
211493	90
31889	70
156867	90
157820	90
254631	70
256311	70
278721	90
163612	30
195412	30
260696	30
138322	70
279014	70
99717	70
204695	70
206956	50
255519	50
92575	50
131423	50
289463	50
64052	0
123997	0
206461	90
277915	0
1353	70
114716	70
160158	70
133015	30
141775	30
82129	90
131863	90
167585	70
252834	30
21641	30
186843	30
294808	30
8597	30
174243	30
267251	30
49234	50
185011	50
230796	50
285839	50
100116	90
188768	90
244850	90
14408	90
89345	30
223992	30
286575	30
158796	50
266412	70
144325	70
41118	70
284601	70
113599	70
61547	50
77050	50
241246	70
261087	70
289766	50
47953	70
266541	70
84678	0
125845	0
210466	0
274479	0
122428	90
180427	90
186106	90
83158	70
157576	70
247601	70
22625	70
151926	70
153215	70
101871	70
243020	70
268738	70
272746	70
2|32
279548	90
141075	0
193280	0
211661	0
21658	0
277273	90
150050	90
19065	0
78503	50
189054	90
35779	0
44857	70
91679	0
227135	90
41507	0
218848	30
180983	90
143959	0
294846	0
135354	90
17678	90
160961	0
49094	0
222273	0
195282	0
234107	90
97379	0
167570	0
274135	30
295856	70
158118	70
108019	90
3|437
15951	0
38122	0
91475	0
131453	100
261450	0
270004	0
276208	0
278582	0
123232	0
131564	100
229894	100
231891	0
259770	100
13796	0
15876	0
34084	0
107980	0
141772	0
185584	0
248189	0
261695	0
16374	0
147394	0
56976	0
148913	0
6575	0
77048	0
111874	100
144100	0
171136	0
39718	100
13495	100
31714	100
252707	100
116510	100
56811	100
269227	100
211	0
6219	0
18392	90
61196	0
62696	0
97902	0
101872	0
106227	0
247788	0
266143	0
89158	0
93340	0
96732	0
113233	0
115550	0
150740	0
236939	0
256772	0
256863	0
257260	0
289006	0
20719	0
50106	0
87600	0
140840	0
148157	0
174669	0
179798	0
279246	0
3295	0
10470	0
36506	0
89006	0
159155	0
206195	0
222292	0
229355	0
242097	0
25269	0
26851	0
138809	0
148970	0
18002	0
30979	0
107923	0
152798	0
175503	0
177409	0
282728	0
21037	0
48868	0
87654	0
97995	0
103443	0
113224	0
121932	0
217557	0
237561	0
36024	0
64470	0
89880	0
205018	0
289150	0
250855	0
185213	0
87506	0
92589	10
54215	0
276438	0
270895	0
22935	0
22716	0
47926	0
129095	0
133594	0
134225	0
146570	0
205890	0
214945	0
288091	0
165847	90
253854	0
7507	30
42529	30
45772	30
132084	30
267135	70
92062	0
143295	70
144802	0
230393	0
80171	0
141945	0
184006	0
65328	50
74296	70
267088	0
77309	0
231141	0
290749	0
82468	0
293043	50
153216	0
156799	0
161019	0
92369	50
264532	90
154013	0
186975	0
77117	30
285284	30
29340	50
101243	50
112121	70
116257	30
254625	50
238869	50
11312	0
214975	0
163568	70
265026	100
85449	0
107260	0
113400	0
236431	0
1779	0
64451	70
134929	0
160266	0
192267	0
243829	0
251541	0
271901	0
273577	0
7753	90
59772	90
19138	0
30946	0
189054	0
63374	0
188000	0
213030	0
137084	50
155379	30
22153	0
135306	0
168094	0
4975	0
15922	0
137192	0
289650	0
21357	0
205234	0
230250	0
239961	0
241993	0
272073	0
277114	0
186150	30
64564	0
71091	0
88363	0
284487	0
286476	0
12654	0
37487	0
70822	0
103916	0
141866	0
154468	0
201697	0
225874	0
40999	0
45568	0
54641	0
148550	0
167143	0
257812	0
278925	0
57174	0
106750	0
155089	0
225988	0
228605	0
272648	0
83754	0
242079	0
250097	0
235445	30
170675	0
181909	0
9481	0
172831	0
191918	0
192396	0
247092	0
262193	0
121485	50
67013	70
160121	90
18215	90
51271	0
116167	0
255645	0
99527	30
23460	30
114551	0
123839	0
219052	50
283502	50
1156	50
279679	50
13641	70
51948	0
137283	0
164274	0
212591	0
45504	20
286863	100
31162	60
141005	0
258320	0
151926	0
151976	0
179502	0
191712	0
49793	0
195560	0
49463	0
54921	0
192625	0
204462	0
40847	0
233117	0
15405	0
77834	0
279994	0
107740	0
105180	0
124724	0
165653	0
196345	0
244384	0
260001	0
26631	0
31436	0
38290	0
164292	0
241556	0
93820	0
135566	0
153013	0
192476	0
217060	0
257717	0
95541	0
97158	0
23326	0
30271	0
78860	0
135493	0
173195	0
234891	90
273123	0
151735	0
177028	0
279187	0
19696	0
116597	0
104211	0
77957	0
88933	0
94498	0
194950	0
216947	0
226439	0
75813	0
180673	0
142393	0
227143	0
121897	0
1589	0
9890	0
18727	0
23301	0
69022	0
72371	0
77710	0
105684	0
112039	0
135746	0
141075	0
185975	0
231280	0
256310	0
257019	0
291812	0
223645	90
144835	90
25847	0
281330	0
42050	0
123669	90
117381	0
25866	0
181110	0
193826	0
198519	0
199522	0
243833	0
285717	0
293498	0
24208	0
84512	0
179928	0
196892	0
209791	0
218212	0
1997	90
49094	0
67029	0
128580	0
138965	0
147886	0
149267	0
155264	0
174481	0
198263	0
209370	90
274161	0
287681	0
21072	0
33204	0
41685	0
113360	0
147650	0
149962	0
167250	0
186413	0
202309	0
208198	0
216462	0
259280	0
272784	0
149094	0
161719	0
276500	0
3440	0
18026	0
34385	0
41740	0
48050	0
79336	0
100524	0
121272	0
147014	0
153974	0
158436	0
208272	0
56119	0
69672	90
137047	0
193396	0
248766	0
261161	0
280275	0
9323	0
51372	0
57021	0
78187	0
110654	0
111982	0
112918	0
191118	0
269699	0
13690	0
68043	0
77880	0
104598	0
215817	0
280664	0
12095	90
1842	0
250370	0
216799	90
180868	0
83537	90
275420	0
116806	0
179706	0
161583	0
126760	0
77212	0
64052	0
178994	0
258881	0
229988	0
263882	0
229481	90
139025	90
4|29
11731	80
28342	80
28964	80
54289	80
66595	90
69022	90
77710	90
79500	90
82317	90
113265	90
131552	80
150385	80
152077	90
154852	90
158282	80
172313	80
173467	80
176858	80
181190	90
182111	80
185975	90
218469	80
229481	90
242383	80
243932	80
252215	80
270557	90
273574	90
279989	90
5|59
2663	90
11616	90
36899	90
66595	90
77710	90
92245	90
111944	90
114039	90
138869	90
152077	90
171288	90
206388	90
206862	90
251690	90
286938	90
295381	90
69022	90
155379	90
230358	90
4409	70
65541	70
116400	30
160169	70
278717	70
157148	50
172754	50
229500	70
220131	50
151561	70
267581	50
50628	70
196955	30
68153	90
181236	90
186022	50
55250	70
135013	50
49940	50
112848	50
132234	50
149153	50
215911	50
293832	50
84104	50
107671	50
40421	70
38237	70
219924	90
235428	90
213892	70
9812	70
126581	50
103717	50
290923	70
125214	50
206458	50
53621	90
206777	90
191351	90
6|78
11731	80
17453	80
18727	90
22935	90
33722	80
34486	80
36688	90
45979	90
51948	90
68667	80
77309	90
79758	90
79867	90
83754	90
113759	90
114043	80
131552	80
132285	90
141866	90
142072	80
150385	80
151565	90
176213	90
176858	80
180868	90
183223	90
189015	90
189272	90
191782	90
191898	90
199606	80
236794	90
243932	80
245257	90
246436	80
255765	90
256645	80
273577	90
279989	90
287417	90
65203	0
198712	0
203676	0
206527	0
94845	0
147606	0
280256	0
49867	0
89185	0
215519	0
92649	0
2454	0
195706	0
241947	0
440	0
61547	0
166141	0
191351	0
3301	100
37921	0
1429	0
63244	0
33959	0
70162	0
83688	0
266376	0
15876	0
231141	0
192178	0
198430	0
75469	0
189966	0
198789	0
103492	0
96360	0
285002	0
7845	0
142393	0
7|27
3091	90
22935	90
33269	90
34486	80
48066	90
61547	90
89183	90
105364	90
118736	90
141075	90
144732	90
161583	90
166141	90
176858	80
178205	90
180868	90
189272	90
199606	80
212235	90
214765	80
236794	90
257965	90
266032	90
273577	90
276506	90
91211	30
27059	100
8|64
177929	50
130932	90
233685	90
258848	90
249969	90
3091	90
9239	80
11828	90
18727	90
22935	90
23301	90
33269	90
43516	90
46490	90
61215	80
64811	90
69022	90
70201	90
77710	90
78745	90
82317	90
83633	90
88548	90
92597	90
98399	90
102299	90
104396	90
112039	90
113265	90
116806	90
117505	80
131552	80
131753	90
137566	90
141075	90
147606	90
147886	80
152077	90
158282	80
173467	80
178994	90
181190	90
185975	90
191782	90
197867	90
199204	90
210805	90
211661	90
229481	90
236546	90
250370	90
251727	90
267421	90
269853	90
270557	90
271297	90
273574	90
275420	90
278749	90
279988	90
281785	90
284222	90
229988	90
182642	90
9|3226
61371	30
79934	30
22766	50
161673	30
294690	30
52340	70
65494	70
74857	70
125543	70
201281	70
241981	50
2686	30
141866	30
181239	30
198803	50
240594	30
48703	70
65523	50
83729	70
152523	30
267359	70
123631	30
13020	70
83344	70
99218	50
113905	30
126031	30
151915	70
163897	30
15616	30
96578	30
115009	30
140285	30
188168	30
254013	30
31476	50
53459	50
54952	30
175375	50
222461	50
227957	50
84497	50
143453	70
169786	50
177453	30
233574	30
156230	50
19306	50
39327	30
115206	30
119713	90
141835	30
260251	90
158133	90
170225	70
285499	50
8857	50
154585	70
181609	90
55638	30
200354	50
241552	50
255089	30
293278	30
61268	50
187014	70
210767	50
268077	50
268401	50
20186	90
56556	50
76997	30
90971	30
106659	30
264637	30
145573	90
243208	50
33104	30
98630	30
134831	30
142360	30
142946	30
187518	50
206682	30
231712	30
232453	30
257633	30
29062	30
200524	30
210044	30
221507	30
287497	70
19271	30
119468	30
216329	30
14276	70
58299	50
85598	30
103515	30
113084	30
234371	50
53920	50
104188	30
233375	90
14746	30
45033	30
93790	70
288404	90
58612	50
289194	30
165792	30
29348	30
112929	30
95312	90
175894	90
183837	90
107776	90
183570	90
208913	90
295735	90
80725	90
156088	90
35076	30
42359	90
103399	90
198770	90
217794	70
24631	90
18595	90
254236	90
1296	90
170680	90
237820	90
150048	90
236794	90
91072	70
175882	90
169568	90
248225	90
74464	90
63739	90
273366	90
248709	90
166619	70
145054	30
164411	90
49493	90
191530	90
42775	90
177523	90
211460	90
229373	90
216009	90
85536	90
195555	70
204954	90
264522	70
243427	90
191275	90
89954	90
161843	90
22679	90
207587	70
227347	90
256885	90
116551	90
66408	90
131658	90
151876	70
93861	90
201464	90
148034	90
219095	90
293678	90
111692	90
268806	50
281763	90
282782	90
65975	90
199199	90
129181	90
294916	90
79563	70
29963	90
113316	90
233107	50
57481	90
19333	90
235849	90
14091	70
36745	90
134422	90
137243	90
1158	70
7180	90
276848	70
65452	90
68080	90
142277	90
60638	90
143802	90
248692	90
211972	70
158770	90
144693	90
209757	90
66582	70
72470	90
146144	90
101276	70
169580	90
266782	90
40857	90
98187	90
223542	90
18067	90
13776	70
194633	90
70637	90
173320	90
54924	90
74235	90
55166	90
26588	90
108791	90
290555	90
11387	90
9636	90
288879	50
275708	90
1675	90
244670	90
181408	90
85028	70
105070	90
189522	90
294545	90
146661	90
84531	90
62301	90
9617	90
21102	90
128363	90
58294	90
204729	90
231726	90
117449	90
178910	90
247955	90
223191	90
92591	90
175651	90
162690	90
73637	90
100608	90
192891	90
196574	90
123687	90
220966	90
73203	90
54788	70
106602	90
108397	90
157508	90
8851	90
48448	90
145293	90
187120	90
64575	90
198043	90
14708	90
60287	90
143297	90
178022	90
23501	90
37686	90
181688	90
217911	50
11883	90
27929	90
197270	90
55513	90
89740	90
111621	90
103189	90
198105	90
290959	90
209994	70
287553	90
20097	90
87857	90
130575	90
143565	90
168787	90
276120	90
23883	90
184731	90
293119	90
80992	90
84347	90
111561	90
236260	90
229434	50
155906	90
100930	90
91665	90
109640	90
83078	90
39456	90
106344	90
10836	90
78242	90
249082	90
291671	90
92783	90
289904	90
27339	90
92035	90
124029	90
164475	90
246878	90
111813	90
89046	90
130543	90
146950	90
177518	90
17484	90
42024	90
125200	90
129540	90
5136	90
137585	90
144218	90
244535	90
76816	90
222223	90
273552	90
121585	90
260057	90
92127	90
185316	90
173400	90
2041	90
179139	90
15726	90
44080	90
143083	90
263027	90
19932	90
87230	90
216577	90
90106	90
259523	90
286387	90
273787	90
114634	90
167221	90
181266	90
268681	90
4216	90
90790	90
86584	90
209519	90
3483	90
107330	90
28493	90
280878	90
166208	90
266213	90
216176	90
154692	90
184977	90
188618	90
209776	90
245300	90
207739	90
258395	90
9650	90
140924	90
44675	90
202938	90
190812	90
232742	90
254465	90
15265	90
273267	90
97913	90
51750	90
166241	90
102876	90
207784	50
104121	90
183612	90
231534	90
42333	90
113759	90
124897	90
221814	90
236961	90
71024	90
141215	90
159213	90
192036	90
259679	90
220518	90
179327	90
90184	90
171217	90
155153	90
22783	90
49167	90
55047	90
95067	90
95625	90
123788	90
199708	90
200250	90
220013	90
139519	90
71170	90
91992	90
122003	90
269120	90
281874	90
243797	90
118296	90
262140	90
257267	90
58433	90
201671	90
28457	90
114659	90
172223	90
202915	90
172621	90
273001	90
206490	90
273627	90
102869	90
129684	90
59163	90
89795	90
7730	90
235179	90
268664	90
34967	90
115198	90
240891	90
129224	90
3651	90
237483	90
204679	90
11786	90
88725	90
153051	70
277060	90
133704	70
173007	90
81058	90
48288	90
143098	90
32755	90
109393	90
283967	90
284479	90
5844	90
225426	90
276222	90
60011	90
146575	90
218326	90
242079	90
59211	90
263958	90
251048	90
19412	90
199905	90
211082	90
221018	90
232168	90
281374	90
26192	90
69170	90
293606	90
295176	70
196987	90
111243	90
140012	90
120185	90
266657	90
151268	90
226675	90
229253	90
228016	90
62076	90
191403	90
197512	90
221643	90
264573	90
44794	90
118736	90
187050	90
44380	90
76306	90
55747	90
206527	90
245368	90
19963	90
122380	90
56111	90
147661	90
290850	90
120232	90
247862	90
102258	90
12836	90
127205	90
170317	90
129903	90
157925	90
187940	90
258565	90
223414	90
233869	90
3916	90
250433	90
146678	90
283425	90
122086	90
204000	90
163853	90
198291	90
199204	90
147043	90
107230	90
144802	90
202760	90
219571	90
147382	90
112200	70
24408	90
226430	90
289764	90
36236	90
87336	90
203327	90
202447	90
21536	90
260266	90
1826	90
207322	90
168704	90
205119	90
233462	90
249929	90
162503	90
277235	90
155107	90
214674	90
207830	90
54242	90
250464	90
258829	90
193350	90
65660	90
268579	90
182135	90
225254	90
111844	90
107935	90
182318	90
254873	90
85164	90
127140	90
185330	90
778	0
152906	0
180964	0
11017	0
27129	0
23796	90
26094	90
174226	90
265347	90
12489	90
2740	90
283313	90
105524	90
239074	90
165136	90
149019	90
13502	90
105518	90
248822	90
1108	90
6502	90
61949	90
295002	90
291568	90
54017	90
105290	90
61857	90
68676	90
116698	90
264988	90
164214	0
80524	70
90424	90
62218	90
211648	90
233697	90
280954	50
72641	0
105365	30
222236	0
25875	0
37896	30
62335	0
113376	0
151565	50
151712	50
178205	0
247247	50
48800	0
65657	90
146306	0
150582	70
110438	0
152427	30
170396	50
191898	50
202309	0
203553	0
204824	70
250159	30
4405	0
26581	50
50766	50
77880	0
122694	30
281022	0
5232	0
17136	30
48050	0
59956	0
109987	0
130069	0
130264	70
149094	0
153166	0
174118	0
208084	70
18131	0
18727	0
22474	0
59783	30
107787	90
119678	0
160961	0
189015	0
246742	0
252460	0
270867	0
66676	50
149499	0
175309	0
179453	0
193575	0
194079	70
245257	0
284663	0
11609	70
82110	0
82119	0
98399	0
116464	0
131504	0
134869	0
158654	0
164282	50
251690	0
262382	0
67648	0
104931	0
108520	30
169864	0
191690	50
217175	0
225171	0
272345	0
281785	0
28341	0
122752	0
138686	0
152210	0
179138	0
196404	0
240710	70
241063	0
241998	0
263065	0
9295	0
146627	0
166175	0
185679	0
271102	0
273993	0
45678	0
115379	0
117273	0
119056	0
133544	0
235701	0
238561	0
246918	50
262829	50
276757	0
287719	0
87781	0
107918	0
121019	0
171049	50
194632	0
211476	70
288626	0
1238	0
24599	70
63881	0
98870	0
168504	50
171125	0
221102	0
228477	0
230727	50
32655	0
111795	70
113291	50
167111	0
209385	0
211620	0
225001	0
1348	0
11323	0
23746	0
41589	70
56238	0
98599	0
113049	0
127319	0
131210	0
201286	0
289845	70
294426	0
144998	0
182405	0
200480	0
226862	0
247031	50
247549	50
830	0
81199	0
135958	50
256355	50
44367	0
81524	0
82572	0
103916	0
110387	0
178617	0
193921	0
196379	0
222269	0
138023	0
189708	0
200423	70
280596	0
281246	90
91211	50
161435	0
217654	0
227042	0
237775	0
255700	0
266954	0
21630	0
185618	0
190543	30
219964	0
270238	30
278921	70
6821	0
7855	0
8121	70
17037	0
92887	0
102851	50
121005	0
212635	0
271604	0
285200	0
288933	0
7680	0
37181	0
96104	0
100340	0
119283	0
154372	0
175065	0
179174	0
182802	0
237387	0
278226	0
289836	0
9026	0
25563	0
54087	0
70443	0
108516	0
143736	0
154549	0
224799	0
258844	0
278842	0
101292	0
140232	0
187044	0
207090	0
239881	0
243368	0
251618	0
252222	0
282239	0
290881	0
162485	50
91974	0
234447	90
72687	0
82826	0
114091	0
279579	50
69971	0
87419	0
88902	0
101146	30
179114	0
246759	50
250185	0
262577	0
266733	0
3551	0
10913	50
53556	0
213553	0
230792	0
1488	0
34582	30
67757	70
79674	0
90318	0
100427	0
134409	0
138950	30
203007	0
222516	0
269082	0
2176	0
44040	0
231863	0
65286	30
25596	0
30038	0
39500	0
40062	0
53823	0
73138	0
138582	0
217247	50
243651	30
254739	0
22347	0
53617	0
125980	0
139362	0
174174	0
175827	0
206086	0
282024	0
70512	0
102796	0
114128	0
115934	0
124491	0
128544	0
154213	0
199580	0
217274	0
247472	0
13238	0
42039	0
145069	0
169833	50
197880	0
204458	0
207876	0
218424	0
231771	0
236539	0
237737	0
261874	0
11203	0
35911	0
61679	0
71518	30
132068	0
133250	0
161313	0
161645	0
194435	0
249690	0
53445	0
254334	50
57995	0
86435	0
95144	0
99426	0
182373	0
186855	0
222372	0
238709	0
252872	0
256367	0
258464	0
282118	0
222730	50
55417	70
73723	90
77556	90
184160	90
103637	70
266966	70
47543	90
187065	90
34029	30
75421	0
122906	0
287528	0
268986	90
25600	90
85650	0
87833	0
102597	0
277215	0
74005	0
151257	0
164679	0
16374	0
105373	0
257658	0
50106	0
124134	0
232078	90
2544	0
270715	70
145039	0
147426	0
158118	0
227547	0
66970	0
165613	0
48172	0
92498	0
105135	0
164642	0
249701	0
285087	0
292341	0
117528	0
213710	70
145979	0
98855	0
8192	0
14595	0
216765	0
262943	0
268615	0
23615	0
118104	0
138897	0
222210	0
260709	0
54239	0
87125	0
116078	0
117587	70
9639	90
109362	90
200169	0
251868	0
44472	0
88175	0
153417	0
216231	0
246231	0
45148	0
102475	0
140554	0
166592	0
257353	0
20278	0
82816	0
127303	0
152756	0
257638	0
99018	0
138971	0
151951	0
228529	0
230553	0
179559	70
57386	0
184979	90
28166	0
85610	0
94019	0
139094	0
178005	0
198589	0
245097	0
24125	50
85542	0
246809	70
128494	90
282582	90
86639	0
138336	0
183776	0
250372	0
278966	0
24156	0
204180	0
31763	0
94465	0
109995	0
151194	0
174505	0
71510	70
96509	90
169904	0
173690	0
132285	70
270986	0
51401	0
69199	90
62382	90
211360	0
238054	0
252228	90
50900	90
73704	0
126015	0
151447	0
225105	90
189924	70
155544	90
49609	90
143881	90
69261	90
91279	90
166193	90
112869	90
230393	90
92062	90
227504	90
74714	90
66637	90
185423	90
153551	90
123677	90
287908	90
122769	70
36734	70
113812	90
256172	90
135799	90
218592	90
4101	90
166633	90
81361	90
136275	90
9481	0
94001	0
240074	0
241553	0
247092	0
27895	90
236272	90
76992	0
120535	0
283612	0
117345	90
109754	90
159942	90
126539	70
108120	70
87660	70
115550	90
180932	90
79309	90
187348	70
214897	70
116055	70
107263	90
244372	90
50889	90
105180	70
143293	90
15758	90
278426	90
78627	90
120504	90
34503	90
43738	90
53560	90
55810	90
16528	50
247052	50
29679	0
150337	30
198354	0
269391	0
13428	30
134468	0
223811	0
264724	0
34397	0
151230	0
176321	0
180868	0
47946	90
180876	90
263442	50
252334	90
66783	30
119928	50
143989	0
153947	0
231352	0
45420	30
24480	30
179542	30
5196	30
196522	30
215594	0
134542	0
232926	0
200777	30
150250	30
249947	70
258593	30
21015	70
227988	30
102318	30
114541	30
224041	30
262710	70
290629	90
242704	90
264238	90
69394	90
251337	90
102204	90
75260	90
239290	90
6226	0
261301	0
9428	30
74399	50
69447	90
131554	90
105882	50
45043	0
53553	30
104295	0
138152	30
188567	0
173353	90
44147	50
99909	90
110385	90
289082	90
128359	90
187099	0
196392	0
216799	0
7899	0
39427	0
82316	0
93914	0
96278	0
120618	0
134606	0
171148	0
266337	0
2488	0
3705	0
25900	0
36461	0
55082	0
70391	0
82781	0
112729	0
127151	0
137566	0
242999	0
256310	0
263914	0
24389	0
58658	0
64811	0
91893	0
133015	0
177990	0
178994	0
185511	0
198937	0
279988	0
289463	0
17875	0
51384	0
80716	0
84614	0
91223	0
119167	0
137653	0
156384	0
171914	0
195282	0
197769	0
215404	0
227766	0
233740	0
236903	50
277972	0
1997	0
24675	0
35959	0
47482	0
112039	0
121800	0
185075	0
201811	0
229946	0
245398	0
270560	0
11828	0
133723	0
137489	0
148535	0
153071	0
165601	0
182570	0
207531	0
254836	0
279641	0
288449	0
293298	0
19885	0
52112	0
76575	30
141789	0
190771	50
209791	0
216612	0
251727	0
265177	0
278735	0
11089	0
57037	50
74188	0
78758	50
196716	0
201997	0
270655	0
274069	0
275702	0
42009	0
43801	0
51596	0
109629	0
126903	0
136127	0
137474	50
153806	0
173973	0
205242	0
210302	0
272438	0
64767	0
69808	0
156644	0
175417	0
189934	0
218450	50
237056	0
270804	0
274785	90
293163	0
146806	0
158963	0
188870	0
215739	0
219573	0
229906	0
233620	0
258210	0
122222	0
129593	0
131340	0
181760	0
69963	0
75748	0
93966	0
132337	0
140182	0
140509	50
152062	0
152720	0
182078	0
184503	0
228677	0
249607	0
263882	0
292244	0
36304	0
44090	0
63797	0
108373	0
132751	0
144863	0
151233	0
161583	0
197314	0
201697	0
202697	0
211783	50
220214	0
2801	0
16416	50
64674	0
97152	0
270249	0
291183	50
18026	0
50415	0
68792	0
72789	0
95736	0
100169	0
113264	0
169510	0
172483	0
181056	50
226016	0
248025	0
258191	0
8205	0
10427	0
43023	0
60451	0
65575	0
84339	0
97290	0
136385	0
185014	0
216527	0
219046	0
234119	0
251743	0
271837	0
274288	0
281667	0
920	0
19744	0
42125	0
50830	0
59734	0
69535	0
81811	0
146942	0
196341	0
204644	0
245827	0
256256	0
278630	0
544	0
34662	0
34838	0
48893	0
81142	0
104227	0
118568	0
126499	0
171613	0
175347	0
177376	0
181225	0
204713	0
216771	0
223797	0
230095	0
237647	0
284511	0
287620	0
10375	0
39627	0
46240	70
47944	0
88529	0
99775	0
100227	0
176814	0
182287	0
222007	0
225069	0
259959	0
262959	0
268464	0
65622	0
112832	0
123086	0
143059	0
159462	50
177002	0
179249	0
246953	0
251578	0
62346	0
140061	50
142845	0
145475	0
163592	30
221513	0
226998	70
235720	0
286638	0
287711	0
43900	0
133210	0
265454	0
25213	0
59407	30
160475	0
163249	50
173524	0
196564	0
243397	0
254031	0
275347	50
275908	0
292953	0
295088	30
60663	0
155767	0
161681	0
201347	0
2972	0
36899	0
58381	30
120641	0
133835	50
147621	0
177234	0
197362	0
261571	0
273176	0
290838	0
11207	0
30445	0
92245	0
138869	0
139383	0
239640	0
250370	0
256380	0
276547	0
1349	0
73250	0
75966	30
89428	0
107804	0
122972	0
165255	0
259607	70
8653	0
18168	30
32742	0
36121	30
59444	0
73834	0
119655	0
163551	0
223989	0
250323	0
30714	0
51023	0
62447	0
104230	0
156698	0
162365	0
191103	0
221670	0
222066	0
285819	0
286856	0
291368	0
792	0
79693	0
113720	30
165065	0
165657	0
214762	0
51462	90
54819	90
152057	90
179273	30
78822	90
129711	90
290148	90
113437	90
277304	30
37852	30
242044	90
180956	90
41889	90
116516	90
72326	90
83068	30
260001	30
103669	30
178596	90
43031	90
204791	90
9955	90
216482	90
49236	90
227611	90
95776	90
216006	90
185970	30
40263	30
182472	90
288682	70
146031	70
15676	70
52557	30
89474	30
215945	70
295323	70
105102	90
170565	90
233662	90
97599	90
220320	90
205767	90
271906	70
193389	90
203821	70
30414	90
130981	90
95750	50
264642	50
112515	90
223243	90
293971	90
151503	90
47140	70
114700	70
192227	90
6443	90
168065	90
191364	50
2142	50
32841	90
46347	50
93257	0
220259	70
25820	70
252711	90
116622	70
161678	70
235930	90
47788	30
192476	70
238939	90
264582	50
36344	0
107132	0
149749	0
183466	70
6756	0
8713	0
19753	0
22379	0
57989	0
83799	0
87506	0
100355	50
123511	0
135892	0
177195	0
201377	0
282149	0
3091	0
4878	30
11326	30
127541	30
163077	0
207679	0
258848	0
263644	30
263815	0
267956	0
275110	0
275420	0
24208	0
68356	0
76672	0
88548	0
128993	0
151848	0
171390	30
174646	90
88336	90
189079	90
217901	90
83537	0
225414	0
62478	90
39035	30
280872	90
191671	90
65119	90
137302	90
164549	50
275973	90
3537	90
170178	50
286420	90
245667	50
17880	90
46238	90
167567	90
49155	70
65368	90
108217	90
209561	90
66634	90
154204	70
198231	90
164483	90
238563	90
282868	90
219708	90
124864	0
219455	90
286575	0
45715	90
175992	90
59336	90
105927	30
183593	30
222139	50
183519	90
262670	90
39060	90
144615	90
66604	90
155477	50
203706	30
105853	90
174620	90
1656	90
121744	90
126293	30
238970	30
46229	50
185946	70
113374	90
289302	90
116229	90
272242	50
13907	50
159168	90
100272	50
127184	90
79649	50
245970	90
43099	50
161581	30
33686	30
117186	30
19492	30
258283	70
265940	30
106725	30
124588	30
49716	90
106823	90
124466	90
280801	90
23093	30
265924	90
6098	90
122155	90
190414	50
262329	90
120299	90
170120	70
78620	50
254463	90
252874	90
255715	90
76123	70
231319	50
11728	90
24846	90
120945	90
129976	90
193529	90
274021	30
152576	30
244557	90
283257	90
48347	30
241049	50
239560	90
256377	90
47902	90
267534	90
68967	90
188819	90
4651	90
215090	0
151118	90
295838	50
226973	70
130252	50
201152	50
187730	50
45025	50
164498	70
231128	0
75017	0
47992	90
95503	30
49233	0
113797	30
293107	50
138706	50
159601	30
208526	70
32154	30
8244	50
214505	70
190549	90
2138	70
187659	30
259393	30
114434	90
223197	50
288865	90
36099	90
68357	90
11209	50
18863	50
202984	90
206198	70
44323	70
262584	90
80286	90
36459	90
220538	90
98905	90
263104	70
188036	90
195923	90
147523	50
75430	90
224769	90
3044	90
34427	90
198275	90
140434	90
36979	90
224946	90
15044	90
16019	90
169320	90
179753	90
111414	90
189731	90
13017	90
126104	90
293167	70
139795	50
103267	90
18832	90
52055	90
263874	90
77140	90
280676	90
95495	90
227879	90
210068	90
68066	90
6249	90
112372	90
183921	90
161496	90
150324	90
284225	90
45156	90
94629	90
252230	50
76583	90
222793	90
47937	90
55849	90
67993	90
207044	90
17436	50
209658	90
87773	90
20718	90
278913	0
264543	90
98391	90
245417	90
144732	0
73818	90
142229	90
10303	90
80419	90
163933	90
245658	90
21498	90
129027	90
232342	90
83298	50
243685	50
223584	90
179694	0
249778	0
66003	50
41346	50
103989	90
104048	50
285189	90
277337	90
91243	90
150334	90
238818	30
86329	90
263071	90
123342	90
294968	90
4370	90
68157	50
257849	90
282304	90
131424	70
927	90
47761	50
81325	90
87494	90
22922	90
275442	70
251963	90
218241	90
14031	90
271606	90
14955	50
96033	90
255442	90
21478	90
163118	90
118606	90
151098	50
281036	90
91476	50
13455	90
273996	90
256917	70
243736	70
117169	90
160325	90
49046	50
53177	90
171552	90
182840	90
291298	50
15644	90
27369	70
90429	90
255136	50
87849	90
152964	90
139968	90
149051	50
63916	90
121382	90
192490	90
1494	70
165644	90
53008	90
176937	70
3748	90
246158	90
201221	90
42432	50
20861	90
195045	90
141668	90
71099	90
133267	90
61808	70
109803	70
8562	50
232623	70
96363	50
81915	90
16850	90
14491	90
64435	90
143923	90
143860	90
254729	90
130084	90
135006	50
197089	90
23328	0
215533	70
25010	90
236171	90
30958	90
116780	90
166913	90
185886	90
145878	70
1886	90
186271	70
125662	90
183347	90
278340	90
42924	70
294522	90
18646	70
90066	90
138310	90
271287	90
238441	70
239492	90
182927	70
235696	90
260121	90
61589	50
186181	70
130171	90
274659	50
10522	50
109643	70
134016	50
171324	70
260477	90
190784	70
269178	90
184539	70
284729	50
60979	90
65371	90
113550	90
172389	50
220286	90
66156	90
290870	70
77875	70
244195	30
57	70
249540	90
275805	50
286082	50
95831	90
288657	90
12600	90
282914	90
234406	90
92680	30
63144	30
171373	90
61579	90
207263	90
141142	30
134090	70
239563	30
171235	70
229778	0
131197	70
152186	50
34436	90
188505	70
176505	50
197054	30
278159	70
169703	30
211945	30
91280	90
125714	70
141082	70
212235	90
101240	70
221229	70
239052	90
33329	90
194865	70
205958	90
85490	90
199979	90
39062	90
49962	90
268572	90
211	70
57720	70
121135	90
214221	90
91729	90
273810	70
295828	90
247852	70
231206	30
133262	70
233828	90
160662	90
196827	30
270310	90
33888	70
246910	50
227070	70
51983	50
240473	90
44044	90
113334	70
179776	90
64650	90
210865	90
10621	90
221752	90
164574	70
133899	70
11036	90
210878	70
176909	70
152742	50
288765	50
113736	90
226436	70
108507	70
120734	70
93922	70
24694	50
282878	70
114681	50
105804	70
224821	70
109022	90
295408	90
266120	50
77016	0
108526	0
152892	0
86621	0
101106	0
294030	0
105390	0
68198	0
226326	0
284912	0
28987	90
70598	90
181477	90
275115	0
231670	0
146028	70
94584	70
10628	0
51948	0
185990	0
99165	0
127478	0
136499	0
274897	0
78302	0
105030	0
258045	30
111239	30
286721	50
27623	0
155750	0
166783	0
205926	50
100174	30
102518	0
270515	0
129865	90
241810	50
275171	0
25494	0
124836	0
256268	0
75274	0
225419	0
67460	70
101303	0
70850	90
71455	90
129848	90
19162	70
209038	90
291577	90
208733	90
239386	50
183047	90
12598	90
139262	50
263163	50
192527	50
256336	70
188393	70
274308	50
174322	70
213512	50
284196	90
25676	0
43570	0
61625	0
70636	0
178744	0
190690	0
229500	50
251901	0
59402	30
132234	0
182744	30
160820	0
197011	50
11684	70
60864	70
86416	70
294860	70
2079	30
86108	50
43060	50
169233	70
160651	90
166304	70
42583	70
253985	30
122500	90
217168	50
190331	70
234578	70
257469	50
81475	90
165064	90
269894	90
115381	90
7169	50
198153	90
235395	50
41150	90
56677	90
126779	90
191681	90
223277	90
277585	90
224243	90
154788	90
142242	70
217690	90
263672	30
199308	90
174746	90
280871	70
216627	50
120477	90
206651	70
50252	0
278611	0
27953	0
47263	0
199723	0
121457	0
287417	0
171644	0
203537	0
262443	0
76657	0
195251	0
38312	0
55698	0
121989	0
135212	0
167956	0
197552	0
232439	0
252911	0
256396	0
1086	0
128852	0
229178	0
230564	0
50604	0
258186	0
284950	0
8627	0
153473	0
217641	0
280647	0
13370	0
13735	0
19472	0
207791	0
293398	0
38758	0
41289	0
103458	0
185426	0
257411	0
291491	0
20952	0
100767	0
134709	0
194553	0
240536	0
258658	0
277945	0
11277	0
13426	0
170756	0
24042	0
169455	0
241394	0
49714	50
6036	0
140144	0
141717	0
90691	0
190976	0
232604	0
271353	0
252816	90
129454	90
186174	90
116841	90
71568	70
225572	50
236202	50
59989	90
274206	30
71318	30
159990	50
222361	50
134744	50
240524	90
255463	50
142589	50
96692	50
265977	50
38856	70
281495	70
67250	50
283740	50
75449	70
191953	90
74089	70
201925	50
207833	90
136657	50
255913	30
261762	30
51606	50
79888	50
146105	30
64006	90
146432	50
144153	50
206987	50
112209	70
121372	30
211970	50
267304	70
110104	30
193949	50
21457	50
95498	70
19709	70
67635	50
58235	30
236919	50
294609	70
86320	70
250499	30
97228	30
272072	30
291091	70
222795	90
136676	70
72572	90
194291	70
202718	90
117790	50
94258	90
265243	90
293634	50
28311	90
233437	90
48480	50
124387	50
124881	50
150282	90
275328	70
114844	90
281862	90
106740	90
85642	70
141114	50
143222	50
88632	90
135686	90
265204	90
84035	50
245291	90
32475	50
258094	90
291819	50
17337	90
25771	90
39759	90
121603	70
134548	90
191274	90
211839	90
229565	90
235150	90
293979	90
96838	90
181850	50
40505	90
72493	90
82962	90
116069	90
82151	70
63444	50
76837	50
156543	90
43521	90
48587	50
54430	70
61336	90
69358	70
278295	90
110272	90
178626	90
216548	90
219040	50
188861	90
47394	30
136589	30
258392	50
22521	0
105095	50
207045	50
257497	50
126878	0
165325	70
176963	50
219458	70
252074	30
101114	50
180349	0
230232	30
39943	0
154654	0
180618	30
223911	30
281536	50
69110	70
85921	70
147876	70
195962	30
245387	30
34069	30
68020	50
129099	30
143289	30
168169	50
206831	30
226040	0
276506	30
103821	30
208467	50
150010	70
177488	30
209104	30
276440	70
31758	70
37815	50
59133	0
128151	70
165053	70
194206	50
199834	50
247758	30
251338	30
269073	30
277719	0
34602	50
64416	50
68560	0
114598	70
124724	50
33906	70
52914	50
89507	50
92090	0
147101	30
173170	30
194018	50
227721	70
83754	70
115386	30
190694	30
191351	50
228251	30
244384	30
250221	30
272953	30
278005	50
79867	70
184669	50
231363	0
192924	90
27323	90
145548	90
34351	50
100812	90
75519	90
203544	30
180984	90
198769	90
24768	90
95194	50
290554	90
207812	90
25819	70
130938	30
280797	70
8654	50
120378	90
271568	90
67510	50
142246	90
255385	90
95364	90
153256	90
195945	50
214758	70
227368	50
128573	0
224735	0
51346	0
72225	90
123580	50
207890	0
161703	50
45579	50
123089	0
224694	0
5612	90
84668	90
184074	0
51486	50
135338	0
186392	0
250413	50
259122	0
262988	0
43164	50
171523	30
281855	0
107362	0
293038	50
255586	0
257717	50
287887	0
293125	0
62241	0
167912	0
61316	30
132319	30
75545	0
106761	30
195412	30
264383	70
136574	50
61547	50
17169	50
121673	70
193985	50
126862	30
203433	30
220811	50
254626	30
36647	50
47124	0
105828	50
124863	50
127879	50
183592	30
184982	50
277142	30
283795	50
152008	0
177384	70
284195	30
23179	30
47966	50
113584	30
132961	50
135754	50
145161	50
162846	50
196375	50
241383	30
1618	0
27986	0
196596	0
207081	50
216136	30
243826	30
17905	30
135965	50
137572	50
196733	50
225744	0
240522	30
249375	50
228424	50
293408	0
50914	30
57112	30
7596	0
11350	0
106767	0
146530	0
189272	0
258883	0
283083	0
169780	0
84940	0
106597	0
229460	90
6147	30
203607	90
62200	90
46599	70
28197	90
141645	90
216735	90
24551	30
158979	70
30154	50
70253	70
221431	90
39373	90
263587	90
201896	50
107274	70
262825	30
82782	50
22913	0
64226	0
112076	0
189906	0
31321	50
116038	50
115183	90
80982	90
245877	90
271721	90
10647	90
201643	70
157369	50
49011	70
210094	50
216756	70
252659	90
24300	50
156266	70
10553	90
215705	90
151569	50
227081	70
170050	70
95444	70
273968	70
217854	50
25177	70
189914	90
23095	70
286488	50
2043	70
46084	90
242119	70
164052	90
221656	90
68248	90
100099	90
164629	90
205116	90
216135	70
72713	90
53930	70
263419	50
171118	70
236151	90
283271	90
175781	90
74422	70
138935	50
15355	70
107259	50
89879	90
221301	70
62046	90
275810	90
209632	90
171870	90
84455	90
207930	90
83417	90
191691	90
236910	90
170494	70
230899	70
112191	90
199051	70
8634	50
257645	50
274556	50
35825	90
167846	90
31108	70
113288	70
79851	70
151815	50
79840	70
188534	50
270951	50
69909	90
201560	70
154325	70
84356	70
182097	90
79806	70
205208	90
76503	70
203160	90
271901	70
202959	70
166882	90
6408	90
20126	50
211119	90
167397	90
235283	90
75717	70
262779	70
150950	50
167929	90
95748	70
136822	70
100209	70
170759	90
63528	90
116786	50
154604	70
47095	70
80713	70
11025	70
40040	50
253660	50
260950	70
244235	70
116389	70
251343	70
99162	90
144875	50
244378	50
204185	50
232068	90
9524	90
135959	50
226066	70
277406	70
141251	90
89486	50
178692	90
44726	90
109891	70
270623	90
214592	70
292743	70
270884	70
237418	70
105946	70
138834	50
67323	30
115419	70
205090	70
38880	70
68563	70
254157	70
255434	70
251050	50
14372	90
50859	90
138549	70
159674	70
38352	90
142526	90
243679	90
256408	70
243423	70
271579	70
273648	90
279663	70
93635	90
2105	70
6422	90
12492	30
87837	30
177780	30
223576	90
245374	50
92702	90
109591	50
162092	30
163730	70
180281	50
16353	90
31299	50
51275	50
69111	70
72360	30
103835	30
111618	50
129747	50
184039	70
238432	50
252518	70
273915	70
45461	30
167222	70
179357	30
180819	50
277995	50
291114	70
271315	70
112527	70
223775	0
271857	70
129441	90
157261	70
264527	90
172274	70
254457	50
12170	70
81564	50
201755	70
44153	30
189391	50
237173	30
12931	50
68409	90
92400	50
294698	50
68662	90
223079	50
180364	70
93033	90
3870	30
196502	70
28167	70
123907	70
180831	50
108421	50
159069	70
182140	70
17032	90
10915	70
110913	70
209678	70
173496	70
172579	90
123327	70
227075	50
261565	70
257965	90
1116	90
104631	90
189461	90
268456	90
152109	30
96210	90
42006	70
170825	90
154001	90
116962	90
61871	90
113344	90
159637	70
68832	70
35779	90
174769	70
219769	50
31748	50
162314	70
96396	70
98567	70
50636	70
217791	90
184177	50
9140	70
234979	30
38257	90
243977	90
161822	90
145219	50
210249	90
136357	90
181072	70
210169	70
220921	90
285592	90
212630	70
85061	70
5001	50
53690	50
179052	50
290744	30
284093	90
135153	70
168949	90
213744	90
18271	70
178322	70
182774	70
196693	90
80569	90
54780	70
164962	70
70955	70
294511	90
130283	50
214536	70
216637	90
42519	70
139725	90
228601	70
74847	70
138044	70
132696	50
266294	70
163879	50
211661	50
283335	70
7584	70
134454	50
120178	50
207897	70
279933	70
293822	50
125947	50
114208	30
223049	50
267280	50
275100	70
51515	70
80048	50
144839	50
95987	70
98653	50
126696	30
235130	50
138749	90
23898	90
80535	70
89895	90
72826	90
186443	90
227490	90
254753	30
18978	70
158912	90
111197	30
82431	70
294844	50
66825	30
81171	70
139461	90
188250	70
44481	70
117756	70
20198	50
48066	90
242312	50
60796	70
238011	90
248133	70
191311	50
31063	70
208961	70
172811	90
145071	70
270814	90
241077	90
192147	70
262269	90
179459	50
271243	70
112451	70
281521	90
137794	90
197652	90
203839	90
141006	50
288758	70
166065	50
19065	0
57021	0
78503	0
91679	0
142632	0
154230	0
157419	0
160158	0
186106	0
190518	0
277273	0
112400	0
132128	50
10834	70
187696	50
17502	90
80070	90
175224	70
175812	70
289357	70
142372	50
169451	70
218405	50
286499	90
21964	50
239429	70
178722	90
167281	0
9134	30
105996	30
155966	30
177516	30
222191	30
266032	30
76213	30
161145	30
192648	30
210805	30
249824	50
278030	30
278424	50
286926	30
290558	30
39781	30
84092	50
115732	30
209603	50
252226	50
253380	50
60240	50
105606	70
146772	30
156094	30
166141	50
168967	50
171697	30
225290	30
241082	30
273577	30
277464	30
5551	0
36688	30
183223	50
149433	90
261657	50
272232	70
151224	70
67538	30
71786	50
37183	50
119375	30
10223	50
191219	30
48820	70
145179	50
16411	50
294123	50
30940	90
288787	90
138809	50
110253	50
64086	50
202215	50
97544	30
262059	70
56779	50
172204	90
89292	70
214565	50
87784	90
207609	70
57617	70
71521	70
65257	50
71132	70
132300	70
160151	50
49802	90
103381	90
269580	70
78004	70
224704	90
250340	70
164760	70
211235	50
139932	70
157472	70
239667	70
173742	90
89692	90
284073	90
296027	90
48412	50
208757	30
250088	90
155077	70
190001	90
6287	90
231876	70
163837	90
223348	90
11404	30
203620	30
72930	50
228732	50
121939	90
53683	90
225383	90
156289	30
35731	70
252350	50
36489	70
155082	50
294489	30
90230	70
117089	70
26690	70
116276	90
235124	90
239796	70
27577	90
159124	70
213159	70
102449	70
63433	70
244306	30
165800	30
26012	70
24930	70
65006	70
254373	70
166111	70
74122	50
81618	70
236153	70
282831	90
200643	70
279825	30
215777	50
82712	70
120373	90
275005	50
266218	90
196449	70
107179	50
196089	50
84730	50
264873	30
89634	70
238719	90
62378	50
76401	50
78163	70
112013	70
15807	70
85522	30
258828	70
152387	70
29848	90
278591	90
158699	70
159455	70
61034	70
64787	50
178286	70
130436	70
203869	50
263854	50
185900	70
178587	90
247376	90
114207	90
119536	70
39186	90
235820	70
6613	70
102643	70
6138	50
57173	90
116860	90
178539	90
70058	70
76034	90
17483	70
266400	90
42122	50
252938	70
168686	90
182356	70
126333	70
255490	70
8568	70
273434	90
125665	90
237335	70
178411	70
27638	70
120416	50
66490	90
144464	90
293281	90
17519	90
141803	90
167551	90
46762	70
114088	50
85506	50
166834	70
60381	50
82532	70
215527	50
35899	70
271760	70
158594	90
267978	90
225448	70
201077	90
41229	90
231626	30
72426	50
45553	90
217581	50
128579	50
35510	70
45003	90
206565	90
222878	90
186608	90
292990	90
21834	70
62401	90
73472	90
97153	90
104022	90
112398	90
140659	90
178003	90
239418	90
177445	90
83315	90
146609	70
227440	70
123265	90
40313	50
25658	70
155189	70
91551	50
255389	90
81557	50
28440	90
162121	90
102762	70
147577	70
56855	70
267257	90
288641	90
238058	50
274212	90
10|61
147606	90
106750	50
269857	90
178994	90
28987	90
33269	90
102299	90
113759	90
118736	90
132285	90
138935	90
144863	90
159455	90
172223	90
180868	90
182570	90
191782	90
199204	90
201697	90
202309	90
202697	90
210805	90
211661	90
242177	90
244384	90
246910	90
264383	90
266032	90
76997	90
121457	90
106659	90
33747	90
39781	90
114634	90
76964	90
141866	90
174931	90
59158	90
260133	90
79324	90
63797	90
161583	90
88123	90
5117	90
36257	90
117556	90
122433	90
167380	90
257753	90
287154	90
36634	90
73718	90
139517	90
142359	90
275420	90
229980	90
263882	90
156384	90
162061	90
266976	90
286094	90
11|580
33269	90
33722	80
34486	80
64052	90
97326	90
131552	80
158282	80
165161	90
173467	80
199606	80
29894	100
50794	50
163546	80
176905	50
251806	0
261354	50
262088	40
31440	0
93763	0
103252	50
124585	0
128573	100
129978	0
189604	0
233808	0
281402	10
36174	50
72684	0
87505	70
162152	0
216715	0
281785	20
39425	100
72878	80
144098	0
172216	0
190599	0
218570	0
224599	0
230204	0
231934	100
242948	100
284796	50
294002	0
31465	50
131659	0
189272	100
250757	0
257900	0
265682	0
280596	0
280597	100
293425	100
1238	90
12095	100
134510	0
223622	50
270121	100
280209	100
14631	50
26097	60
34032	100
57109	80
103040	100
188408	80
190337	100
221548	70
292587	40
50377	100
123909	70
126581	0
176889	0
252286	70
265511	0
77441	0
119080	0
173700	10
28125	50
48480	0
56336	0
66359	0
124387	0
126096	0
164474	0
227759	0
258689	0
260534	0
277350	0
279516	50
2972	0
94200	100
95247	0
97522	100
119453	0
128069	100
144505	0
156384	0
187326	90
190154	0
259338	100
261844	90
37533	100
56953	100
77168	100
87090	100
144011	0
173886	50
182452	100
185511	0
244706	100
275191	100
279318	0
281812	100
13755	0
15676	0
49064	100
52557	0
54263	0
92639	40
124430	0
137387	0
211701	100
254717	10
257749	10
259824	100
266997	0
270557	90
344	100
27573	100
57273	100
93425	0
111872	100
143150	100
145732	100
221585	100
252250	100
93719	100
155158	10
232894	100
39477	0
88102	100
103791	100
143993	50
185975	100
218521	100
221125	0
267405	0
271318	100
192747	100
194450	0
264322	100
16391	100
80050	100
128686	100
129567	100
129816	0
131253	0
161384	100
170561	100
181066	60
232565	0
252444	100
262026	80
271030	100
292701	0
7285	0
45857	0
70714	0
79500	100
85879	0
98705	100
98761	0
135730	100
214139	0
219058	0
45460	0
48223	0
74625	0
82317	100
83157	0
227261	100
237984	100
251792	0
264862	0
266347	100
269734	0
283018	100
66521	0
89438	100
92597	100
107418	0
111840	100
175616	100
200141	100
217029	100
233202	0
237425	100
1471	0
24063	0
42563	100
73411	10
93705	100
105075	0
118796	0
150766	100
209767	100
226318	0
278780	100
287999	0
79514	0
180435	100
182018	100
185518	50
206044	50
246667	100
249919	0
281164	100
290403	100
15157	0
23507	0
121824	50
161583	100
188056	0
206917	0
231613	50
262412	50
268984	0
271189	90
273173	100
17461	100
17764	0
79297	100
84780	100
86426	100
106094	100
188198	100
270300	100
244	0
39465	0
61903	0
84471	0
95871	0
106388	0
124910	0
205789	0
232588	0
263155	0
268582	0
9032	0
51969	0
70401	0
107923	100
166453	90
181190	100
186847	0
199082	0
229812	0
230935	0
247787	0
250168	0
256420	0
15776	0
55326	0
62796	50
66885	100
74033	0
76499	100
114790	0
205329	0
223964	50
278645	100
7828	0
13391	0
22926	100
56072	0
100987	100
119623	100
152854	100
155859	100
162885	100
190131	0
226867	0
243273	100
243289	0
295347	0
3607	70
7074	100
33709	0
51225	0
206388	0
7826	0
69218	0
80644	0
105146	0
129904	0
166924	0
175870	0
182039	0
224424	0
281431	0
291144	0
7281	50
25590	0
28590	50
30166	0
170766	0
173514	0
187241	50
198867	0
238020	0
108	80
55813	80
66682	0
66836	0
73667	100
89592	80
177680	0
183873	0
224694	0
225285	0
244278	0
268974	0
11948	0
17678	100
28472	0
42484	0
65134	0
107026	0
138698	0
142163	100
142196	100
162126	0
224444	0
250370	0
6152	100
138699	0
155836	0
182034	100
184072	0
203339	0
211165	0
222618	0
256380	0
273574	100
289724	0
10753	0
60603	0
150387	100
160400	0
161118	100
162765	0
206998	0
210067	100
245520	0
253681	100
2135	0
12546	0
36845	100
45664	0
66338	0
69022	100
122715	100
135099	100
143468	10
155167	0
185421	0
193437	0
258374	0
135744	50
236554	100
255984	0
271316	100
23335	0
77585	0
101950	50
115145	50
154852	50
163015	100
163253	0
224048	0
263044	100
267297	0
283191	0
293800	100
31569	100
132357	0
145531	0
168462	0
190839	100
206384	90
246878	0
262903	100
266705	0
287260	100
27339	0
85522	0
92035	0
101002	0
109279	0
110928	0
166691	0
169308	0
235699	0
244492	0
258828	10
266838	0
283992	0
292055	0
1589	0
34967	0
47571	0
123721	0
166102	0
182008	0
199834	0
203422	0
252644	0
266724	0
267589	0
276131	0
33747	0
39781	0
114634	0
250159	0
11872	0
30017	0
50612	0
77706	0
160788	0
164543	0
166948	0
220973	0
34295	0
35756	0
68670	0
75792	0
150066	0
153568	0
156593	0
173238	0
208054	0
221049	0
272052	0
24577	100
26374	0
58360	0
60891	0
73598	100
137086	0
194331	0
223533	0
224375	80
253335	0
257658	0
260355	0
293453	0
33215	50
168486	100
199415	100
249043	0
262480	0
290805	0
14636	100
15882	0
34612	0
46196	0
56450	100
91692	0
174373	0
226889	0
243490	0
293649	0
47101	0
69075	0
75108	0
78011	0
91014	0
132641	0
142360	0
151552	0
157145	0
176213	0
215201	0
37604	0
38708	0
69014	100
116133	0
270000	0
290705	100
9151	0
17527	0
37842	0
45632	0
81903	0
92370	0
92956	0
191351	0
199441	0
233602	0
245592	0
261205	0
4604	100
61847	0
128758	0
130493	100
170694	0
192614	0
214935	0
215217	0
229570	100
11221	0
17733	0
79236	0
194079	0
199555	0
229330	0
4009	0
49227	0
166965	0
228077	0
255700	0
262042	0
5036	0
19679	0
179353	0
34597	0
90605	100
139426	0
151454	0
166726	0
191782	0
231719	0
238633	0
242868	100
3030	100
66902	0
92810	0
144318	100
147621	0
160586	0
213280	0
249007	0
251518	0
5141	0
13046	0
50620	0
77086	0
126482	0
225591	0
32654	0
35012	0
76408	0
92064	0
94701	0
120818	0
178548	0
228900	100
3697	100
27414	0
63342	0
79220	100
105813	0
214729	0
228091	100
238991	0
252675	0
254497	0
264325	0
284912	0
145484	100
192959	100
203320	0
210859	0
265982	0
63340	100
201852	100
251405	100
248969	100
256113	100
280405	0
12|20
61617	100
96327	100
17453	80
34486	80
61547	90
70850	90
85921	90
103916	90
154230	90
183223	90
189272	90
191351	90
236794	90
254157	90
165532	99
46756	41
144802	100
188090	80
177931	70
257965	70
13|43
2663	90
5551	90
28341	90
35496	90
36899	90
64052	90
73421	90
77710	90
77855	80
79500	90
82317	90
100987	90
119186	90
129567	90
143479	90
144318	90
154852	90
158282	80
162885	90
164412	90
165161	90
171288	90
173467	80
180487	90
181190	90
182642	90
185975	90
200141	90
201997	90
206388	90
206862	90
210480	90
211701	90
224444	90
228091	90
237425	90
251690	90
270460	90
270557	90
274246	90
275191	90
293453	90
295381	90
14|108
158282	80
282254	70
27556	50
232822	70
93705	30
290807	30
70592	30
56975	90
127217	90
228618	70
95591	90
164741	50
270197	50
6573	50
173317	50
220356	70
37717	50
109629	50
284931	90
21166	70
58887	50
196400	50
31359	50
121427	50
213021	50
108236	30
168626	30
76902	50
8389	50
169839	70
200778	0
93972	50
249611	30
245548	70
74096	70
211673	70
191631	50
196046	0
103463	30
203682	70
176623	50
156784	70
45936	70
31897	70
238559	90
266149	70
70082	70
71789	0
209443	50
70188	50
242102	90
478	90
11400	70
51665	0
189900	50
159073	30
248207	0
156743	70
86292	70
225847	70
8860	90
240229	50
72969	70
118189	0
254703	90
52946	90
49983	50
203588	70
91370	90
900	70
243217	50
248961	90
20050	0
3923	90
54171	30
136164	90
208284	70
140988	70
266921	50
277735	70
12080	50
156387	70
84013	90
143447	90
277784	90
201247	0
84712	50
36934	30
72771	70
46905	30
184965	70
118270	0
266887	70
230503	70
211342	70
207994	90
273831	90
20374	30
189289	30
206413	50
231536	30
4117	70
241522	90
152652	90
280167	30
9071	30
161422	75
173467	70
15|45
39668	90
180487	90
32366	30
253719	90
32593	0
229481	90
206384	90
257019	90
152514	50
291792	50
230208	50
77710	90
134869	0
269733	0
27348	0
149094	90
83537	90
236943	0
178994	70
1589	90
155700	50
147606	90
113265	90
126015	90
293657	90
98399	90
275420	90
94918	0
116806	90
92597	0
79500	70
153907	50
220994	0
122715	50
276530	90
1842	50
11828	70
201697	0
161583	70
28341	90
23301	90
229988	70
281785	90
231498	90
270655	50
16|718
2663	90
3091	90
33269	90
34486	80
61215	80
61547	90
79500	90
85921	90
103916	90
113759	90
119186	90
127151	90
131552	80
134540	90
151565	90
158282	80
173467	80
176858	80
180868	90
189272	90
199606	80
199838	90
212235	90
232604	90
242177	90
259607	90
273574	90
273577	90
295381	90
11437	0
17302	50
113895	70
195282	70
83762	70
139595	0
282901	30
128993	50
140087	0
238616	90
106588	90
87388	90
230842	90
264667	50
98811	50
293278	70
44794	70
118736	90
287107	90
110918	70
34407	90
141075	70
190822	70
129928	0
167657	30
32503	0
70850	0
90605	50
142163	0
195289	90
130856	0
132285	50
50270	90
189015	50
778	90
254625	90
74397	70
194520	0
236723	90
251690	30
23301	30
211341	0
271031	0
1887	0
144732	50
168747	70
279406	0
178617	0
295130	0
129596	0
4021	90
43732	90
279988	90
106390	0
237284	0
203062	50
125620	70
171288	90
76865	90
152077	0
269735	0
197850	90
111818	0
114968	70
172223	70
151848	50
9514	90
92245	50
14355	90
130810	0
2686	90
60457	0
190976	90
117449	90
242829	0
247955	50
200454	90
124536	90
22560	90
209333	90
265963	90
187117	70
66741	90
135195	0
147606	90
286426	50
54690	90
191690	30
3109	30
60203	50
108537	90
176639	50
136581	90
182642	0
288162	90
50079	0
51596	0
65638	90
42448	90
223220	90
180177	0
229336	0
291495	70
47550	90
282185	90
141592	0
281536	90
282304	90
258419	50
128498	70
114670	70
105936	50
76856	90
10756	30
31377	90
63020	0
39500	90
180958	90
92914	0
127547	90
189660	90
218977	30
254607	70
212120	30
144499	90
227135	90
114703	0
39253	90
74638	90
34045	90
227090	70
246766	90
171248	30
55412	0
62335	30
84099	0
56825	90
102646	0
38708	90
138935	90
161398	90
2429	30
107280	90
198803	0
214979	90
135979	90
65368	70
65328	90
74296	90
256310	90
132352	30
112142	90
117706	30
101757	70
63144	90
171373	90
31112	0
96603	90
90981	0
68603	90
248745	90
81097	90
96123	70
181720	90
270869	30
76477	90
149128	90
78885	90
175203	90
247472	90
58183	90
118082	90
244071	0
271901	0
217871	90
213659	90
86329	90
272374	90
71589	90
222291	90
96095	90
59092	0
31767	0
207734	0
18745	90
66025	0
113864	0
5524	70
204893	90
10206	90
23853	90
154325	90
175781	90
83472	90
257693	90
174436	90
284020	90
116166	90
99175	90
275408	90
247818	90
49739	0
256931	90
84356	90
6744	90
8244	90
177790	0
41371	90
103841	0
53910	70
50121	90
63734	90
183171	0
149734	0
192661	90
25535	30
88840	50
224404	90
110078	90
16389	90
277816	90
197049	30
233553	70
263071	70
10625	90
171880	90
259316	90
135814	90
11445	90
95906	0
111029	0
114557	90
207619	0
209947	90
75053	90
180172	90
149147	90
18286	90
110857	90
160091	90
196119	90
102165	90
73920	90
113692	90
188639	90
222269	90
121800	90
265694	0
269846	90
276506	30
283792	0
226726	90
83734	90
194853	90
285373	90
238644	90
270050	0
34503	90
43738	90
173170	90
73659	90
90443	90
106788	90
44677	90
211112	90
256132	90
238633	90
84995	90
167365	90
120020	90
188768	90
103743	90
57701	90
33827	90
221152	30
211267	90
241006	90
105146	90
212690	50
237679	90
138450	90
151712	90
246443	90
138565	90
217557	90
225171	90
17678	90
140334	90
143665	90
212131	50
291792	70
262495	90
52855	90
177255	90
178205	90
266835	90
270336	90
273201	90
211280	0
1997	90
209370	90
268399	90
43031	90
198291	90
199204	90
243350	90
285026	90
111874	90
157155	90
274339	50
176515	90
36174	90
156832	90
281785	90
101871	90
205676	90
241268	90
102299	90
51468	90
131753	90
124487	90
135498	90
139969	90
67216	90
242364	90
165601	90
218867	90
232859	90
53964	0
161019	50
28948	90
105863	90
178424	90
125958	90
166257	90
279943	90
140840	0
2488	90
214856	90
266509	90
58195	90
176697	90
202309	90
117381	90
144357	90
231280	70
132393	90
185252	90
187609	90
62065	90
208755	90
253953	90
168462	90
206384	90
262903	90
10928	0
267431	0
104708	0
136952	90
258478	90
245633	0
74142	90
89183	90
70121	90
160961	90
173933	70
287708	90
7113	90
157576	90
247601	90
111566	90
271100	90
8690	90
62493	90
104928	70
148821	90
277464	90
25610	90
111183	90
150186	90
258822	90
94540	90
269609	90
284068	90
206364	30
91065	50
181938	50
210727	50
34403	90
48498	0
52617	90
180964	90
189248	90
200574	90
205381	70
227328	90
32959	90
37604	90
119006	90
281022	50
59789	50
117697	90
178019	90
274723	70
125304	90
146214	90
247739	90
78859	90
184207	90
292863	90
133701	90
134456	90
201811	50
127511	90
150050	90
231282	30
237913	90
246255	90
34332	90
108780	90
244384	70
8286	90
79522	70
240339	50
87423	0
186039	30
34493	50
76575	90
194390	70
163317	90
197214	90
242346	90
157524	90
168149	90
100342	90
223054	90
237622	0
58026	90
154380	90
105876	0
121889	90
72641	70
176616	90
218637	90
176004	90
55752	90
270544	90
105487	90
177721	90
73704	0
87505	90
134944	0
130846	90
262812	90
129550	90
194950	30
210805	0
112400	90
132238	90
221953	90
32551	0
116690	90
121647	90
106142	90
122616	0
50487	0
118552	0
155463	0
244939	90
103665	90
184197	90
259	0
234086	0
267632	90
172076	90
123232	0
158796	70
204614	50
254015	0
269466	30
72783	90
94019	90
150961	90
136453	0
106428	0
189708	0
207195	90
9890	90
181081	90
262359	90
124864	90
224233	90
286575	90
64461	90
294826	70
18727	50
209582	70
285034	30
7031	0
184835	90
220861	90
170833	0
283694	90
131791	0
175815	30
153483	0
252018	30
147903	90
46408	90
291966	90
254774	0
224261	0
114014	0
9308	50
262307	0
141571	90
193857	90
153923	90
275191	30
131893	0
206439	0
66194	0
17970	90
171553	90
282495	0
11371	50
15178	70
96757	90
1817	90
170059	90
196714	90
243282	30
38015	30
264668	90
68647	90
180861	70
216316	90
123305	0
269857	50
274999	0
289330	90
139002	30
140381	70
175144	90
209791	70
11892	90
126615	90
244850	50
104207	70
249717	0
46693	0
42639	70
144142	90
153442	90
61541	30
116133	90
131564	30
265380	0
14388	30
289766	30
252702	70
34142	0
234299	30
183082	30
89767	50
285008	50
281844	70
143570	50
166592	30
155189	0
253265	30
22572	0
177234	0
150723	90
154286	90
20570	0
51749	90
235658	70
243303	90
126667	30
144251	90
179453	70
87660	70
159496	90
161958	70
66886	0
96377	90
260704	30
158355	30
194786	0
1693	0
264485	30
258339	70
1589	50
203422	0
207786	0
190549	90
130264	90
253689	90
214809	90
57704	30
234432	90
93517	30
16542	70
22716	30
51602	90
190298	0
54116	0
181669	50
277964	50
130005	0
56334	70
139084	50
43626	50
121881	90
171573	90
140951	70
294233	50
144993	90
47584	30
103164	0
152525	30
15598	50
272332	30
188339	0
147615	50
213569	90
51234	0
135354	30
8507	90
55948	0
16722	0
77309	30
135600	30
250421	0
261450	30
271315	0
93914	30
213963	30
173674	0
56437	30
255925	0
32584	0
62404	30
83158	50
12922	30
113599	30
278582	50
122020	70
239180	50
121714	0
28855	0
119303	90
130428	70
68734	30
257449	0
133764	0
171529	50
117238	30
242156	90
277972	30
96333	90
8930	0
131963	0
207595	50
249638	90
198036	30
153742	70
79640	30
159349	0
25144	0
170542	0
264075	0
204004	0
114465	30
42702	90
125893	90
70188	90
7618	0
294659	90
203204	0
140144	0
98317	0
223191	0
236660	0
275729	0
280313	0
230234	70
201611	50
17|691
36688	90
49167	90
94019	90
125200	90
132285	90
197089	90
226560	26
152518	64
33622	66
109544	100
76255	71
287718	0
120563	71
7956	12
10422	53
210679	7
109899	100
12095	13
141382	22
245668	84
187714	24
72818	21
295292	18
42375	37
226836	51
262960	81
124198	14
36734	100
271252	39
281826	24
107322	29
65292	89
15599	8
3091	70
39256	89
109024	48
254191	78
98374	11
116038	99
225472	86
263909	12
64750	9
185407	65
53925	91
254008	33
5033	100
209707	93
155058	83
175503	13
139425	52
287748	81
268138	9
213012	9
185815	13
81309	63
103269	65
263500	85
61778	65
82757	70
145271	61
184940	83
194652	78
263958	63
7596	43
211400	20
89085	52
158436	87
210602	50
120535	52
28255	33
240664	99
149801	0
296009	8
227913	0
170809	70
168057	0
204679	87
210483	90
138863	52
246755	100
237561	98
118780	99
143033	80
198994	51
187348	68
51965	86
38607	100
3856	100
208389	100
79758	79
270118	83
37686	68
210682	28
185684	49
126082	0
108120	19
255586	96
116151	100
187314	0
215339	10
29745	3
175351	91
203524	94
227365	72
206018	1
250784	7
221250	19
223542	75
58007	20
70259	31
61183	89
212369	0
6585	70
166203	62
50270	100
68236	91
12690	16
158554	31
178503	30
218206	70
95418	39
13640	94
133601	35
53441	90
17368	8
46776	10
172023	10
264744	12
268304	0
35389	10
77904	0
106793	0
213893	0
261997	0
6954	0
9041	0
9108	0
49994	0
62616	0
98687	0
101438	0
116130	0
141799	0
180651	0
181007	0
190638	0
244713	0
263872	0
28964	0
34486	10
149962	0
167250	0
172313	0
176858	65
200632	0
276251	0
287018	0
21266	0
89472	0
113209	0
118973	0
138548	0
204346	0
271716	0
93942	0
212888	0
216462	0
240325	0
273358	0
131552	43
142072	13
246436	0
54289	0
182111	0
218469	0
242383	0
259280	0
25700	100
189708	92
201314	87
262601	50
106381	90
287009	20
117895	76
164498	80
138862	90
135338	87
252620	74
23545	66
142770	89
241265	90
146262	80
214592	33
96327	55
212235	33
273996	31
85028	61
91211	64
293537	86
135181	100
155189	91
1779	72
142743	68
202718	90
205958	80
45916	92
191724	22
192979	64
61316	78
226383	95
134845	88
151666	66
181266	69
189861	93
17037	74
62157	83
12945	15
14542	92
48296	93
73328	88
179800	79
203796	32
180868	24
194950	72
108250	0
242177	69
133302	79
189775	85
174653	75
61571	86
232439	81
295221	84
30979	6
151848	31
235689	75
198291	66
224351	87
247033	52
64657	89
75017	76
123056	24
249305	90
13277	49
202784	33
201452	3
138272	91
225426	93
27209	1
144344	73
245808	88
67860	9
199723	46
267766	14
168967	72
177229	88
287949	33
6237	0
243020	21
263864	89
290558	85
229744	93
251343	85
270623	72
51948	43
164591	51
44963	87
98124	12
217773	46
250097	78
266143	94
172223	75
166141	63
213622	58
74763	8
150570	87
135466	53
285384	84
76619	80
86665	38
241859	81
243337	95
634	70
114421	10
140840	28
3597	10
6548	100
113895	50
173933	10
187377	80
201449	40
209783	10
252423	30
270469	10
227294	75
129162	12
26097	0
92770	12
169120	0
268004	56
45552	0
49288	0
281818	15
46756	13
186457	0
264667	100
184275	97
7855	84
177409	89
131498	50
138809	50
163853	100
231206	6
274802	76
39947	100
41079	0
74714	20
254344	0
17302	6
33195	90
123814	30
178659	50
63737	22
140692	80
49915	75
70850	30
1589	10
134869	15
61547	21
154230	40
160961	8
180964	26
257965	30
273577	50
127151	10
252460	20
257260	20
292587	0
190001	88
22935	10
103916	21
262192	27
48050	24
115857	83
141866	40
151565	38
205381	20
11647	88
219726	10
277719	95
216973	100
16543	90
290762	56
230310	21
241711	0
44271	39
155883	79
83870	95
288485	96
284781	89
131624	30
11731	40
17453	20
199606	40
274088	46
61215	70
33204	20
113360	50
150385	0
243932	10
288530	94
2488	90
83754	90
92472	90
41734	90
33722	10
227349	30
274161	30
28342	10
114043	0
147886	0
158282	0
173467	10
252215	10
31567	0
126500	10
155264	0
186413	0
198263	0
208198	10
214765	0
287681	0
47966	76
39259	69
87423	87
236268	75
230658	76
68667	12
256645	35
132656	93
95704	89
31808	53
165125	86
204462	50
206582	70
82603	82
193003	75
273126	69
140229	53
118714	97
270004	0
118170	12
178420	90
211082	92
45223	90
62335	89
245117	85
47047	13
86035	92
214565	87
255320	37
285087	31
96971	62
269466	76
66865	64
157344	68
244731	67
193887	0
202011	30
215158	0
164423	76
244306	56
161809	42
182869	76
206388	29
236742	69
97623	55
293278	54
215325	19
549	88
40736	26
216845	23
277464	27
133723	26
216034	76
259912	41
6410	50
47482	23
111505	12
160477	87
274123	74
5232	95
34746	40
80591	20
84225	79
196755	19
138706	93
257717	81
49160	65
68631	92
137489	56
140465	87
87506	69
120876	75
201811	50
80572	97
97887	68
38069	54
156301	80
184758	85
250159	53
57989	59
219099	76
284910	95
18727	36
85921	15
144802	32
214379	89
293119	24
126878	95
139303	80
194810	9
40041	47
124282	47
214771	45
242156	56
277972	52
47251	27
148739	17
190543	34
103018	25
114029	18
134960	81
141970	27
236755	58
123265	66
130264	44
45938	90
93671	95
37896	36
91236	47
212630	75
213030	58
237756	100
142773	95
222259	94
183223	58
186460	86
43315	74
106318	81
252291	73
279988	46
55804	26
144691	33
202423	48
240339	21
28987	68
166729	33
260123	56
287076	55
71489	79
209467	16
237655	34
295050	38
195019	11
250088	65
103381	94
251727	15
289099	24
73960	14
236094	16
15676	69
58658	5
96104	60
100951	60
32314	79
254836	72
260306	82
17266	74
25875	29
211690	27
292756	24
20648	62
181032	73
256973	72
19753	38
62915	58
262766	33
188036	61
232588	63
168169	50
21237	86
31015	93
57924	95
12038	95
67648	82
187099	66
259827	81
160755	53
221102	47
125465	29
191351	82
214409	69
199204	87
207321	76
131753	96
264522	64
49584	81
83729	94
104801	62
156230	93
62359	31
67246	92
252226	66
66676	45
130747	58
217654	51
221813	46
17035	20
118736	61
228848	95
287107	26
294489	11
68845	75
24992	66
49011	75
178476	11
231128	20
81445	52
147754	88
92093	55
34478	69
82417	56
160180	65
27129	34
246219	77
18108	87
179502	93
209104	75
3113	91
170825	74
21641	50
294808	69
107615	10
211661	10
36873	35
109223	44
165065	48
163189	98
279989	80
270973	14
134904	94
244608	70
232604	87
139615	75
234171	92
115386	50
226675	52
104964	96
135617	0
150618	92
121095	38
246970	34
264383	69
279235	69
16571	20
125587	42
52853	100
166257	75
277142	78
218301	40
263655	90
26198	25
264322	10
32808	17
123157	18
113759	87
136624	77
239430	36
126667	87
153606	65
249121	52
206070	62
275881	66
40055	69
224054	70
73674	76
146723	28
252711	64
91526	100
291238	0
208023	70
209002	90
281855	70
52340	30
63416	70
270715	70
286626	70
144470	70
219442	90
17102	50
109987	30
288902	30
49714	50
247925	30
251868	30
30902	70
36461	50
189015	90
190423	50
211497	90
24681	90
34069	50
83941	30
84749	70
210805	70
214851	90
40776	50
107776	90
144732	50
195555	90
207294	50
237732	30
161949	50
175010	90
178343	70
199950	70
241552	70
249824	50
120169	0
158626	0
173385	0
18|22
22935	90
45979	90
49584	90
51948	90
65699	90
70038	90
70401	90
83870	90
88548	90
93023	90
125845	90
154225	90
161823	90
176213	90
222286	90
255497	90
271316	90
284912	90
119180	90
197975	90
211565	90
137728	90
19|21
23301	90
61215	80
115855	90
131552	80
147606	90
147886	80
158282	80
173467	80
178994	90
185975	90
199204	90
236546	90
242177	90
5129	0
161435	0
241430	0
43444	50
103870	70
81793	30
104591	0
146353	50
20|44
244706	90
182018	0
273173	70
129816	90
2663	90
5551	90
23301	90
28341	90
35496	90
36899	90
73421	90
77710	90
82317	90
83537	90
98399	90
100987	90
119186	90
129567	90
131552	80
139234	90
144318	90
154852	90
158282	80
161583	90
164412	90
171288	90
173467	80
179706	90
180487	90
181190	90
182642	90
185975	90
200141	90
211701	90
229988	90
237425	90
251690	90
270460	90
270557	90
275191	90
281785	90
286359	90
293453	90
295474	90
21|82
201280	30
276530	90
159140	90
270655	90
271316	90
45979	90
82317	90
247955	90
284912	90
229988	90
245257	90
15279	50
281785	90
49441	90
28341	0
92597	90
131876	90
289660	90
83487	90
220217	90
36899	90
11713	90
22935	90
206388	0
199265	90
161583	90
263882	90
231498	90
247092	90
158282	90
144318	90
170444	90
155932	90
56837	90
79500	90
159380	90
147621	90
162885	90
181190	90
242948	90
293453	90
233685	90
293119	90
66971	90
224444	90
83537	90
189604	90
201852	90
176213	90
85945	90
50487	90
179706	90
121223	90
77710	90
270557	90
250370	0
211701	90
263001	90
22777	90
244940	90
200141	90
93023	90
73421	90
35496	90
92109	30
129567	90
139234	90
98399	90
270460	90
229481	90
293657	90
1842	90
222802	90
100987	90
275420	90
11828	90
231280	90
231613	90
214139	90
17854	90
256310	90
248969	90
22|147
3091	100
11731	80
18727	90
61547	90
102299	90
103916	90
112039	90
131753	77
161019	90
202309	90
205381	90
246910	90
251690	90
252460	90
256310	90
279989	90
42331	48
206582	99
182088	70
107280	100
210352	6
214979	100
51122	5
4459	89
24258	68
25881	76
34020	78
50237	72
65836	87
66550	78
75229	79
77871	78
81141	78
83891	76
88772	74
113565	70
128924	74
150120	76
212120	85
234193	68
266095	65
282147	74
51807	74
73077	70
76248	60
89938	60
101676	70
104432	67
111143	67
116413	74
124695	79
141353	70
145772	70
153216	70
163801	65
190941	72
201883	79
207578	70
219721	50
232763	70
239043	65
243023	70
245668	70
267926	85
288457	68
295809	72
18657	80
30806	70
35894	70
36020	80
37154	70
39252	80
40540	80
49270	70
69431	70
73557	68
85777	76
87277	70
105359	70
120482	80
124585	60
139365	70
153140	70
163189	70
167851	70
212105	80
235621	80
249471	70
266113	80
271759	80
275270	60
283420	70
284908	80
293811	80
4342	70
12799	60
34033	60
34214	70
34678	70
53161	70
55618	70
58361	70
79682	60
86802	60
89847	70
112115	70
112825	70
113751	60
116603	60
135453	70
137011	50
137485	70
139075	80
141081	70
155703	67
167992	70
170556	70
175981	70
180370	70
223219	80
227198	80
228509	70
239284	70
244768	60
250655	70
271224	70
288367	70
289553	70
291985	70
217394	10
229858	70
206384	100
16571	43
68667	0
114043	57
142072	0
227349	23
246436	0
256645	40
274161	26
33722	28
62616	65
101438	0
190638	35
244713	0
263872	39
287681	48
23|23
220574	90
178994	75
103916	70
105938	90
188567	90
33931	90
83658	90
277464	90
8244	90
223220	90
233697	90
189015	90
215223	90
219442	90
254334	90
290560	90
135338	90
252620	90
81780	90
263204	90
148419	100
104542	100
8936	100
24|275
23301	90
98399	90
131552	80
159763	90
225125	90
189015	0
231280	50
46242	70
215404	70
108120	30
32366	50
121095	0
175495	70
195412	50
10156	0
7706	50
104997	0
141866	0
173376	0
230208	0
257019	0
42006	0
257497	0
258565	0
106619	50
141789	50
288879	0
92472	0
187348	0
1842	0
7447	0
18727	0
124475	0
126878	0
156466	0
141777	0
293278	30
44453	30
83803	0
159455	0
3091	0
111932	50
112039	0
152514	0
183431	50
273574	50
2488	30
102299	0
182423	70
18438	0
99447	50
167656	0
175309	70
206388	30
206862	0
20747	70
31290	70
211701	70
251690	30
276547	0
45025	0
58381	0
138869	0
230358	50
275784	0
180478	0
246608	0
156384	70
256663	0
227762	70
188455	90
273993	0
206384	0
257617	0
24203	70
53621	0
64753	30
89942	0
108626	50
134059	0
138610	0
138686	0
206966	0
264575	50
281785	70
293485	30
3597	70
18178	0
22730	90
49795	90
64277	0
178994	90
183264	0
184731	90
293119	70
55629	30
93027	0
133454	0
226008	30
239780	30
275400	0
33113	0
51579	70
67383	90
70863	0
91134	70
164282	70
236675	0
279190	70
51948	30
65362	30
93522	30
117834	70
179694	90
214388	70
214886	30
239129	70
7578	50
36211	30
36372	90
42767	30
52489	30
123686	70
207062	50
261356	30
284663	50
1589	70
13001	70
101768	0
102563	0
166175	50
168298	0
252799	70
253609	50
292175	50
13370	50
183823	50
271212	50
1934	0
41646	0
222072	0
270715	0
291666	0
113251	50
132495	0
141970	0
143307	50
161498	50
164759	50
165612	0
181190	30
185975	30
201235	50
219981	30
230677	70
246923	0
290112	50
1068	90
28987	30
32809	0
64688	30
68020	0
113022	0
113943	70
117476	90
175213	0
193350	0
270884	30
288682	0
31015	0
33151	0
117537	0
185407	0
205181	0
260430	0
26252	50
53964	50
72845	30
113970	30
126105	30
133577	30
138935	50
146166	30
152427	30
161019	50
170062	0
174669	50
238734	0
255048	0
266541	50
289650	0
11430	0
14434	0
42484	30
47996	0
98425	50
118201	0
126872	0
147930	0
190340	0
202385	0
208970	0
211958	0
237241	0
242999	0
274796	50
64842	50
88973	0
105217	0
110356	0
141939	0
171349	0
173657	70
201987	0
204457	50
50106	50
54690	90
55035	70
78621	90
95247	70
124134	50
191690	90
237689	70
45900	50
72641	50
181465	50
195972	50
236260	50
259731	50
277464	50
146288	70
193345	50
202309	50
47402	70
103229	90
134869	70
218579	50
237493	50
252603	50
242177	50
116597	70
183223	50
185900	50
129684	50
143622	50
160650	70
256811	50
68703	70
241575	70
124724	70
241383	70
260001	70
11371	50
77154	50
89183	50
225171	70
280487	50
207450	70
246522	50
269857	50
12920	50
20957	90
37393	90
165441	50
179433	70
204938	70
52651	90
285066	90
100398	90
121619	90
231977	70
276757	90
278149	70
256919	90
258881	100
25|57
3091	90
9108	80
11731	80
16571	80
18727	90
28342	80
28964	80
31567	80
33269	90
34486	80
51948	90
61547	90
66595	90
70401	90
89924	90
98687	80
102299	90
113265	90
116130	80
125845	90
126500	80
131552	80
132285	90
150385	80
151848	90
166141	90
166257	90
172313	80
173467	80
176858	80
180651	80
181007	80
199606	80
202309	90
208198	80
210805	90
212235	90
215404	90
225171	90
227349	80
236943	90
242177	90
243932	80
245257	90
252215	80
259607	90
273574	90
274161	80
274339	90
275420	90
39805	90
44712	70
89064	90
207191	90
215823	90
223834	90
249801	90
26|84
201697	70
208019	70
209288	70
126386	0
127525	0
161583	90
163901	0
198400	90
22935	30
39718	0
59985	0
110276	90
141075	0
195972	90
211565	0
219052	0
227148	0
18727	70
43788	0
48590	0
89183	0
100805	0
105191	0
122499	0
136736	0
161823	0
172876	0
218892	70
220861	0
293119	0
294134	0
14958	0
115127	0
178249	0
22347	30
105450	0
138565	0
169561	30
225171	0
34332	0
38168	0
43164	0
65178	0
66988	0
74934	0
102299	0
132105	0
132398	0
142484	0
177853	0
198864	0
203945	0
231280	0
249596	0
251690	0
273574	0
278582	0
51356	0
51468	0
131753	0
83537	30
73667	90
286685	90
49584	70
281645	70
5236	90
124080	90
156913	0
193744	0
284031	0
12415	0
130807	50
175501	30
270557	50
812	0
11634	0
173302	30
175309	0
185243	50
219001	0
249553	0
267421	50
8691	70
231175	50
27|85
230856	0
11731	80
18727	90
28342	80
28964	80
131552	80
150385	80
172313	80
173467	80
176858	80
199606	80
236903	90
243932	80
252215	80
276530	90
7956	30
112039	30
139520	30
47008	30
111932	30
273574	30
83560	30
161498	30
185975	30
164282	50
180864	50
188455	50
1589	30
92369	30
215404	50
234555	50
264532	30
288560	50
9890	30
23460	30
72035	30
77710	50
164737	50
239961	50
5869	70
113265	70
247446	70
48909	30
70459	30
131504	30
216855	30
258565	30
293119	30
131753	50
182088	50
206582	50
37562	50
242079	30
180533	50
283973	50
130979	30
138935	70
150551	30
2663	0
83754	0
270655	50
247247	30
178994	0
256310	50
1779	0
7596	0
33195	0
39623	0
46756	0
65494	0
74714	0
113233	0
115550	0
133594	0
138809	0
165044	0
166193	0
172024	0
216497	0
216947	0
218715	0
239591	0
249743	0
254626	0
83537	90
28|54
5551	90
17678	90
22935	90
28341	90
33269	90
33722	80
35496	90
36899	90
37370	90
45979	90
46490	90
49584	90
50487	90
61215	80
64052	90
65699	90
73421	90
77710	90
82317	90
88548	90
100987	90
119186	90
129567	90
141075	90
144318	90
154852	90
161823	90
162885	90
164412	90
165161	90
173467	80
176213	90
180487	90
181190	90
185975	90
191091	90
191782	90
200141	90
206388	90
206862	90
211701	90
228091	90
231498	90
231613	90
237425	90
245257	90
251690	90
270460	90
270557	90
273173	90
273574	90
275191	90
293453	90
295474	90
29|49
3091	90
11616	90
11731	80
28341	90
28342	80
28964	80
33269	90
36899	90
54289	80
66595	90
69022	90
73411	90
77710	90
89704	90
92597	90
98399	90
102299	90
113265	90
114039	90
115109	90
121889	90
131552	80
141075	90
141789	90
150385	80
152077	90
154852	90
158282	80
161019	90
164282	90
172313	80
173467	80
176858	80
178205	90
179694	90
181190	90
182111	80
185975	90
199606	80
206862	90
210480	90
211701	90
218469	80
242383	80
243932	80
251690	90
252215	80
270557	90
273574	90
30|219
250370	70
5551	90
11207	70
15124	90
30277	90
52921	90
91719	90
100007	90
142084	50
229537	90
239640	50
261571	50
276547	90
30786	70
201533	70
289498	70
23301	90
28341	90
33269	90
59092	90
61215	80
64052	90
68352	90
77710	90
77855	80
79500	90
82317	90
92245	90
97326	90
98399	90
100987	90
116806	90
119186	90
125845	90
158282	80
164412	90
165161	90
171288	90
173467	80
177476	90
178205	90
180487	90
182018	90
182642	90
199838	90
200141	90
200954	90
206388	90
206862	90
208198	80
210466	90
210480	90
211701	90
229481	90
231613	90
236650	90
237425	90
242177	90
251690	90
254105	90
270557	90
273574	90
275191	90
275420	90
295381	90
281785	90
106788	90
158665	70
172137	90
269857	90
289330	90
294233	90
72641	70
136453	90
264826	90
36174	90
156832	90
261372	50
162260	0
88840	90
281022	70
139234	70
236455	90
197364	90
155463	90
49201	90
56525	90
229988	90
148821	90
1842	90
175144	90
140334	90
18433	70
83537	90
76477	90
45900	90
63855	90
240854	90
197995	90
236546	90
239143	50
232047	90
219640	70
98851	90
103870	90
76222	90
128541	70
232351	50
25107	90
208755	90
90712	90
229894	90
288488	50
17678	70
173538	70
104584	90
59749	90
250273	90
11828	50
259598	70
186306	70
219934	90
8544	90
150186	90
197997	90
292863	50
45093	90
187906	50
256310	50
239877	70
263513	70
90443	70
9390	90
260905	30
236433	70
50334	70
106482	50
159117	50
163576	50
7908	70
83916	90
30865	90
69731	90
13477	90
265355	70
216221	90
269659	90
36786	90
238301	90
188126	90
275852	90
32721	90
179229	90
136563	70
184221	70
83222	50
100599	50
11230	90
181167	70
42460	90
200849	90
114880	90
194960	90
16497	70
174466	90
227797	70
261984	70
74755	90
117379	90
216683	70
19438	90
88295	70
191030	50
44455	70
63391	50
159132	50
200702	50
99570	90
176736	70
279482	90
58157	70
85803	50
88226	50
126584	70
230930	50
22338	50
52344	90
208070	70
91798	70
142034	90
286657	90
71302	70
81749	50
215534	50
225017	70
178385	70
165804	70
129326	50
12307	90
43881	90
291225	70
88999	50
145730	70
269065	90
147606	70
286426	90
138333	90
140182	90
225414	70
16916	50
291582	90
170104	70
147656	50
6579	70
13087	70
68597	50
69996	50
193417	30
219617	90
31|21
214603	100
9108	80
16587	90
31567	80
40009	80
98687	80
108467	80
116130	80
124806	80
126500	80
132751	90
145843	80
180651	80
181007	80
208198	80
213803	80
214765	80
134883	100
250159	100
34670	100
101297	46
32|71
44090	90
132751	90
182287	90
197314	90
201697	90
219458	90
266032	90
117505	90
167250	90
254185	90
69594	90
113264	90
101548	90
155750	90
131552	90
81843	70
43164	90
99852	90
147929	90
17345	90
101213	90
50254	90
186926	90
211661	90
105364	90
171697	90
65575	90
73534	90
274768	90
145837	90
202697	90
171140	90
215182	90
221253	90
2801	0
127525	90
214765	90
5117	90
265951	90
287711	90
270263	90
97290	90
131224	90
167344	90
61819	90
256076	90
9314	90
161221	90
32107	90
53672	90
214584	90
271583	90
14469	90
24769	90
9176	90
17875	90
79607	90
133873	90
152062	90
26244	90
42125	90
176866	90
32000	90
63875	90
89598	90
134426	90
60505	90
141082	90
170095	90
155966	90
243928	90
33|26
71329	90
77710	90
77855	80
84829	90
89183	90
100805	90
130764	90
131552	80
135552	90
147886	80
155238	90
190284	90
206384	90
208198	80
214765	80
232166	90
242177	90
276530	90
287681	80
293038	90
9937	90
173467	90
158282	70
61215	70
273948	50
285531	90
34|31
61547	90
77309	90
85921	90
103916	90
107804	90
115386	90
128993	90
131552	80
131753	90
144732	90
144802	90
150385	80
154230	90
161019	90
166141	90
176858	80
189272	90
214565	90
236794	90
242177	90
243932	80
244574	90
257353	90
257965	90
277972	90
279988	90
156300	70
17453	90
33722	10
34486	90
158282	10
35|25
5551	90
35496	90
46490	90
64052	90
73421	90
77710	90
82317	90
100987	90
119186	90
129567	90
154852	90
159120	90
165161	90
180487	90
181190	90
185975	90
224444	90
231613	90
233307	90
237425	90
270460	90
270557	90
275191	90
286359	90
293453	90
36|136
3091	90
5232	90
5360	90
9666	90
17678	90
33269	90
37604	90
40999	90
50487	90
51948	90
61547	90
68352	90
70401	90
71445	90
77710	90
77855	80
89183	90
89924	90
97326	90
104626	90
105364	90
119186	90
125845	90
127525	90
132285	90
132751	90
135338	90
138216	90
141866	90
147606	90
150179	90
151565	90
151712	90
151848	90
151888	90
161583	90
171697	90
172223	90
176213	90
177476	90
178205	90
185975	90
189015	90
191782	90
199838	90
200954	90
201697	90
206388	90
208084	90
208198	80
211661	90
212293	90
228732	90
236650	90
242177	90
244384	90
246910	90
251690	90
254105	90
254157	90
270192	90
270460	90
276506	90
280954	90
284068	90
293278	90
294690	90
145145	30
171148	30
43164	50
114799	50
141686	70
53704	30
142537	30
230151	30
9750	90
55048	70
203839	90
263561	70
127478	50
144863	90
167878	50
41507	30
132597	30
192141	30
2482	90
199204	90
252634	90
63306	50
163695	30
210466	50
17430	70
90605	70
274931	70
53884	30
162687	30
165990	30
179459	90
47441	70
240944	90
129805	90
136602	30
248453	30
160349	30
23756	50
68838	70
178350	30
173843	90
253886	50
192648	90
239934	90
288013	90
12497	70
42836	50
80748	50
55967	50
142306	50
288758	70
28583	90
49235	90
119331	90
1346	30
178000	0
204511	30
106713	70
145071	70
270814	70
110951	30
195839	0
219339	0
122752	30
124416	0
233883	30
142372	30
253707	30
289357	30
37|50
161583	90
11731	80
28342	80
28964	80
33722	80
46196	90
48050	90
51633	90
51948	100
54289	80
68667	80
73411	90
79500	90
86954	90
91679	90
114043	80
119996	90
131552	80
142072	80
145021	90
150385	80
155859	90
158282	80
163546	90
172313	80
173467	80
176858	80
178994	90
181190	90
182111	80
183119	90
189604	90
206384	90
211701	90
218469	80
232894	90
237425	90
242177	0
242383	80
243932	80
244574	90
245257	90
246436	80
246667	90
252215	80
256645	80
273574	90
275191	90
277273	90
191690	71
38|27
11616	90
36899	90
69022	90
73667	90
77710	90
79500	90
82317	90
92597	90
114039	90
115109	90
128069	90
152077	90
154852	90
158282	80
171288	90
173467	80
180377	90
181190	90
206862	90
210480	90
211701	90
233758	90
236546	90
250370	90
270557	90
286938	90
295381	90
39|490
34486	80
61215	80
104542	50
90605	50
128914	50
289187	50
19883	50
40547	30
146284	30
172223	30
179007	30
209370	90
223197	0
105146	50
190330	70
205931	50
248984	30
250148	50
23301	50
52078	70
178896	50
188768	30
244850	30
17882	50
216902	30
256310	30
291792	50
198937	0
202309	30
83487	30
143570	70
149094	0
166592	30
173170	30
257353	30
87946	0
190977	0
230797	0
247247	0
285087	0
69797	50
110918	0
145356	0
216799	30
269643	0
9771	0
12922	30
55644	0
106832	0
144424	30
195282	30
208300	50
239555	0
250574	0
264152	0
5737	30
102518	0
117381	30
151565	30
167873	30
224886	30
227506	0
231280	30
253265	50
260950	0
270515	0
8738	50
26283	0
28517	0
33686	0
88725	0
117186	0
134805	30
191351	0
191403	0
214505	0
278687	0
113692	0
206956	70
222269	0
249251	0
259598	50
22753	0
49094	30
61268	0
92193	0
109024	0
131423	0
132285	0
156352	30
185112	0
195412	0
268902	90
289463	0
22625	30
33747	0
39781	0
114634	0
126210	30
134523	50
151926	70
153215	30
258373	0
262192	0
288449	0
6103	90
65404	50
137979	50
184804	70
291409	30
11422	30
42553	90
47482	0
51384	0
55638	0
64930	0
80789	0
99228	0
103437	0
138935	0
232937	0
247777	0
255089	0
293278	0
108397	30
140182	50
143448	0
246918	30
262042	30
43031	0
153568	0
198291	0
199204	0
210427	30
110387	0
119772	0
267679	0
115121	0
275420	0
88792	70
245784	0
131753	0
141852	30
155295	30
183591	0
235567	30
241830	0
254055	0
39651	30
48480	0
102374	70
113886	0
124387	0
126096	0
189054	50
198890	50
219656	0
284601	0
11108	0
33996	0
119355	0
171217	0
176547	0
190059	0
226066	0
284823	0
290558	0
131552	30
186413	70
7698	30
34503	0
201147	30
70431	0
227732	0
263647	0
17774	30
151924	70
165200	30
215443	30
244769	30
259088	30
29085	0
86747	0
93191	30
93593	30
128470	30
173879	0
179846	0
197867	0
200699	50
242156	0
252426	0
277972	0
82718	70
88930	50
112451	30
128855	90
281521	70
72185	0
193470	0
205427	30
107051	50
196592	70
245373	70
216343	0
273176	0
280783	0
4405	0
28639	30
163987	70
248808	0
31247	50
175431	50
8558	30
12265	0
58658	30
60276	30
171627	30
183583	70
7044	30
276919	50
116553	0
207140	0
207198	0
279118	50
29462	0
34069	0
102869	0
129684	0
267796	50
268462	0
255553	70
87857	0
105828	0
112821	70
121960	0
130575	0
162627	0
188030	0
191918	0
247955	0
258758	70
63077	30
93914	0
122698	0
152998	0
191573	0
203062	0
259581	30
284781	0
17169	30
32972	50
54289	70
109577	0
117505	0
147043	0
176858	0
222714	0
243932	0
251343	0
263872	70
28342	0
35389	90
41317	70
113040	50
123267	0
171486	0
172023	70
172313	0
186883	0
199606	0
209533	0
252215	0
268304	0
273358	70
118805	30
241679	30
275191	30
28673	0
281877	0
287681	90
88148	30
295393	30
4328	0
25875	0
47433	0
180739	50
194785	0
210326	0
225970	0
269180	0
279710	30
289268	0
171490	30
268373	30
42260	30
184632	50
226397	30
112142	90
239125	90
266937	90
23853	70
25900	30
122930	50
8137	30
200819	70
86411	50
111732	50
277816	30
152243	90
162467	50
29684	30
91459	50
115335	50
42147	30
192759	30
282343	30
142228	30
28715	0
66043	0
62302	30
2425	50
151941	50
256671	50
182294	50
165176	50
167596	50
194073	30
292401	30
35496	50
257019	30
2801	0
175662	50
257830	0
149710	30
179000	70
260804	30
269770	30
142632	0
186106	50
252285	50
222944	50
270814	50
294467	50
63007	30
72641	50
218427	50
68207	30
188680	70
208135	50
263484	70
217200	90
181236	30
80387	0
133018	0
251692	0
3091	0
45302	30
277181	0
153492	30
232985	70
55967	50
288758	70
277273	50
98399	30
28341	30
41523	70
281022	50
21319	0
88313	0
264466	50
254917	30
262075	30
76690	50
225044	50
70261	30
231611	70
95802	30
199714	50
250091	50
37198	50
246572	70
209791	30
232639	90
50487	30
161583	0
33269	30
19397	50
236848	90
199316	50
41125	30
158503	70
228218	70
269209	50
5780	50
135746	30
116806	30
274999	90
11828	50
108019	70
112039	50
126760	0
1589	30
52390	30
177929	50
227135	50
1842	0
178994	30
83537	30
229988	30
281785	30
293119	0
77710	0
264755	50
266032	0
105684	30
294778	70
162027	50
93336	50
180427	50
244627	50
112697	70
176112	50
181883	70
5187	50
63950	70
179016	50
201625	50
232838	70
101321	50
444	30
22697	90
155235	90
157282	90
233740	50
131488	0
1997	70
64777	30
80171	50
268399	50
515	50
159384	50
106216	50
110276	50
286886	30
210467	50
261450	50
60603	50
16208	50
231498	90
160436	50
204162	70
25248	50
71322	50
158410	50
188007	50
207643	50
265104	50
20240	30
259308	30
270014	30
15753	50
35415	50
188281	50
275564	30
192105	90
57659	30
73381	50
142796	70
196867	30
253681	30
126273	30
147474	50
152514	50
174929	50
187133	50
207449	50
87621	50
58874	50
151630	70
172420	50
277982	90
232787	50
240173	30
9750	30
129805	30
74622	50
81017	30
178205	50
117846	70
40|45
28342	80
28964	80
46196	90
51633	90
54144	90
79500	90
111982	90
119186	90
130428	90
131552	80
148490	90
150385	80
152077	90
163546	90
172313	80
173467	80
176858	80
181190	90
183119	90
189604	90
211701	90
232894	90
243932	80
246667	90
251690	90
252215	80
293119	90
88969	50
275191	100
86171	20
141480	70
2488	70
276530	70
195282	70
83537	50
182018	0
86954	50
28488	30
202309	30
227732	30
1416	50
119996	50
193905	50
237425	30
290795	30
41|102
34486	80
61215	80
131552	80
158282	80
173467	80
199606	80
97646	30
223972	30
237425	30
37839	0
57587	30
64052	50
96104	30
140956	50
155061	50
179760	50
181533	30
191968	0
203062	30
225847	70
277291	50
1842	0
15759	0
49913	0
59557	0
61259	50
113759	0
127299	0
229639	30
236660	50
266786	0
275729	50
276689	30
2506	30
53901	0
74096	50
128573	50
177074	50
240229	0
273176	30
53500	50
154852	50
159073	50
161019	0
267539	0
34695	0
131958	0
183832	0
215529	0
236794	0
262209	0
5477	30
37772	0
93972	0
115104	0
115468	0
129466	0
159185	0
161897	0
286938	30
35012	0
60999	0
73250	0
174625	0
228900	30
264322	30
17854	50
58953	50
86036	0
106680	50
235310	30
251690	30
49983	0
67835	30
159290	30
184343	50
187326	50
295822	30
17461	30
25688	30
43319	30
123693	0
166373	0
265915	30
15676	30
70188	30
89716	30
92582	30
133704	30
173007	30
256310	30
261151	30
262932	30
20464	0
32654	50
34913	0
76408	50
88403	0
111841	0
126548	0
154186	0
178548	50
42|30
7828	0
54862	0
237380	50
162906	90
9282	90
188768	70
97379	90
112400	90
35315	0
244384	90
64811	90
89183	90
115386	90
92258	0
222273	90
285743	90
141075	90
17678	90
256580	0
277350	30
242724	0
232588	50
211661	70
279989	90
135354	50
258881	90
41507	50
186106	50
236943	90
134869	90
43|33
33269	90
61215	80
64811	90
141075	90
158282	80
173467	80
199204	90
199606	80
212293	90
242177	90
269853	90
273574	90
277273	90
287681	80
171152	30
186306	30
219934	30
180487	90
274023	90
275816	50
14636	0
55250	0
56450	0
6786	50
164412	50
256229	30
7669	30
61850	30
182642	30
108790	30
239189	0
263882	90
42563	90
